8 0.6742716063540279 0.19763207800329266 0.3128903461575342 0.08305247559763118
1 0.7866561405963424 0.28128250738627514 0.22132443672606994 0.11124543586100061
2 0.8374678342443539 0.5615174218555896 0.3250643315112922 0.18289133457960027
7 0.7402010133517568 0.5842461774459329 0.09889938521969399 0.055385796612008265
7 0.13335944858567578 0.6831925914858537 0.10398345912667549 0.054326456732375794
4 0.25322001457091314 0.6024179874294515 0.43147111011082034 0.2467479046364669
0 0.2481389297477981 0.43284699852938036 0.3787764531202624 0.16680635991309156
0 0.8133405186409548 0.4099780610882666 0.2699690911901603 0.12195633237626108
5 0.6291382918467663 0.7130425460335135 0.28109819944276393 0.19029339859033167
6 0.5751688190482448 0.5289629340225959 0.20211893227749173 0.10866076181698575
6 0.555263679553663 0.4328517351049027 0.20467967223944644 0.10541646851009795
3 0.255312483202306 0.6045659079028533 0.33846333444453985 0.17481445675564067
