8 0.2981947103237444 0.18551005002906984 0.2543156469845931 0.08515288150233852
1 0.232275759925686 0.29197953158832457 0.16961851650091073 0.09240245759924018
0 0.748765224352839 0.38196942656242927 0.30337441983841495 0.14830625790899105
0 0.2790490718934442 0.4296629804248449 0.21468008718057724 0.1335622848721435
6 0.5017501391059228 0.4151664744326544 0.16133072105050394 0.09963981961571439
6 0.5197063488817358 0.5256727834140331 0.16367653560483503 0.10335559451264159
2 0.30688217569140924 0.6003641630331316 0.30767479581444557 0.1926320422719643
4 0.8001677272514802 0.5627081234271885 0.37069188550446286 0.25906796703734625
7 0.9381241531168166 0.6273517364195647 0.0937030752698711 0.06296651920011909
7 0.394395431413272 0.6044736699675701 0.08269922297530896 0.046079360609983855
5 0.5544237478311879 0.7201708569387433 0.2382035298769783 0.18946249788862235
1 0.7399662955455057 0.2667170162314332 0.14836967161932213 0.08346624040966988
3 0.8095771131627116 0.5628701516654768 0.2751869602302809 0.1563264845672982
