8 0.4886695523221262 0.13743429730698037 0.27452483447303366 0.07239203096231381
1 0.30435689349121664 0.22389527184678187 0.17979977087020352 0.0791715509432572
0 0.7505007627759217 0.3244829348017395 0.323155015948997 0.12689015588024916
0 0.28218360028118067 0.34397713691688103 0.22602783771629223 0.11461451942941775
6 0.533744678377849 0.35789401592777426 0.16992620510248135 0.08549758405135116
6 0.5144257742684148 0.4479085985108069 0.1721870807415069 0.08870729593264554
2 0.2600550738114998 0.4915749398211776 0.3238257694413692 0.16531567132346076
4 0.8071152938202508 0.5054414643701671 0.38576941235949824 0.22258034898661228
7 0.9382406074999087 0.5731804223390484 0.098223701591037 0.054077295771759015
7 0.3539634554159746 0.5032010986449734 0.08756803714887734 0.03949228969089624
5 0.4924793915715727 0.6163617908039551 0.24697343092606489 0.16296887380835423
1 0.847463277514403 0.23756649789382933 0.157031120458218 0.07154300130511873
3 0.805750728817196 0.5032894001579751 0.27635056316622864 0.13102193867617923
