8 0.4217744367848404 0.18364070450907077 0.26732747833654286 0.08690648472722104
2 0.16620444773492743 0.44652230441539875 0.2822586250786836 0.14776876382732046
0 0.22787070462310507 0.15228502128678906 0.19729828065165483 0.10069950756312283
4 0.7200864905541381 0.43760869173290895 0.3299160453976202 0.21106258522062865
7 0.8566919896553951 0.4813454605068346 0.08623823660721175 0.048696259042739276
0 0.6463654668893895 0.28079916381451375 0.300253772739712 0.13300383982961989
5 0.5202370620648682 0.6217700912880761 0.2753970787456349 0.15101193061637852
7 0.17952237563249432 0.4875353798099972 0.09040848699139731 0.04827744511234566
6 0.48657312108647466 0.5126494035875213 0.17873287392385623 0.08851684407726129
6 0.17130571167044706 0.33104227806595166 0.1445930744514372 0.07734014055404059
3 0.7394765781245823 0.4443587960792569 0.26786411164283397 0.1219707452058641
