8 0.6649391750043675 0.2307892620277695 0.2880200555133223 0.07615366647888197
1 0.8220890410014536 0.3342014995855347 0.1889769775073843 0.08277463004487962
0 0.33245658087534063 0.39876503764709015 0.33948504450489236 0.13281329247138107
0 0.8122452562679255 0.4592638110100925 0.23772540384425977 0.11968526817918695
6 0.5478579764588088 0.45177668607112054 0.17871325850777464 0.08928574418366803
6 0.5432733313394111 0.5457579912063093 0.181113102366601 0.09262019938389182
2 0.7948363563626852 0.6125399512225991 0.3405964772062021 0.17262024676550758
4 0.22338907803943833 0.579360369551857 0.4079915911682483 0.2322101372805317
7 0.07002584694584763 0.6375665947626306 0.10335250918331589 0.05643405206556429
7 0.6943826664868267 0.6163399561567069 0.09204756838773231 0.04128058448823091
5 0.5199770252093393 0.720405660125149 0.26015717015027384 0.1698632750963872
1 0.255765985543184 0.30124505807000806 0.165071676400145 0.0747758124484511
3 0.22636584096682855 0.577352878222779 0.2905553596339836 0.136894785788497
