8 0.5804339864873236 0.08879852482084027 0.2709698992056343 0.07710009601427664
1 0.7604484688880513 0.19128283457632825 0.17629565507580403 0.08688383879784561
0 0.31335095148321224 0.29659311818546097 0.31742741054845547 0.1385061962404262
0 0.7780845752749278 0.32869224347375225 0.22106419724414117 0.12650865018444984
6 0.5275544935966665 0.3392625664353538 0.16621936640123497 0.09434202987334211
6 0.5434557656158686 0.4423228910912726 0.1683541730652129 0.09797143118203921
2 0.7946676500435188 0.49748007749411804 0.31667337365530535 0.18251789324858025
4 0.24951490143699914 0.5017467462070468 0.3781763593051926 0.24677032923741193
7 0.11764571295629474 0.5762536554414008 0.09590854016210695 0.059868391221203576
7 0.7009084344406665 0.5087599092896952 0.0858268703965499 0.043384439033979705
5 0.5590934167344503 0.634890519091597 0.24015276660245571 0.1814647702825356
1 0.2793351364305471 0.1428737130111079 0.15388192816336554 0.07862802854946414
3 0.251885649289683 0.4993411065162705 0.2706191168981123 0.1442363609858121
