8 0.2926007148868604 0.13160204350636204 0.2557006853515068 0.0760041137945676
1 0.15714867633966392 0.23527259678247198 0.16937957552080024 0.08192709390276856
0 0.590697143119657 0.29578815091830946 0.3035009011897407 0.13165361803409223
0 0.1718590599415064 0.3576134000798711 0.21383525629120648 0.11826372198689811
6 0.4039115185061111 0.34884387904681274 0.16071970776040523 0.08823282040793745
6 0.4124934495210052 0.4407953779337095 0.1629826261663081 0.09150435907493915
2 0.19458616248188337 0.5075249137919197 0.30642437916101406 0.17055743419684327
4 0.6953217287148008 0.47193613197607676 0.3683043543999579 0.2291582093525722
7 0.8329578641558435 0.5280641831966864 0.0931818540831092 0.055715519889099174
7 0.28307609044668397 0.5106959286599766 0.08254917122205274 0.040845779766825685
5 0.44143107475296384 0.6115904115121865 0.23591872739752978 0.16741939039256115
1 0.6533904890497725 0.19993014578458512 0.14807454030443878 0.07397902465921594
3 0.6926077104568333 0.4699877014742784 0.26089590841004995 0.13537177532518302
