8 0.5633823324144602 0.17970574823671578 0.2779230658542287 0.07322564267117254
1 0.74023993063963 0.2889718366659995 0.1785505814891608 0.08493142604357659
0 0.265074386138478 0.3816184393697455 0.32259541135408704 0.134713269776071
0 0.7448567944106863 0.4285251990458053 0.2228066933550118 0.12433224182867314
6 0.48343261879632327 0.4314367692681994 0.16757778276795648 0.09269349668141708
6 0.48967415874391695 0.5361881582090295 0.1695806549481924 0.09633914479441946
2 0.7452480632853672 0.5997887761189409 0.3190894862913567 0.1794202398345054
4 0.1839501376508098 0.5871723994988873 0.3679002753016196 0.24351687200587718
7 0.040977228322985795 0.6584488969889021 0.08195445664597159 0.05900127559980661
7 0.6466809585277378 0.6082874470099084 0.08685752606415253 0.042450750048670716
5 0.4867099230327413 0.7314783941947148 0.2393251693917866 0.17978192177274188
1 0.1783268618845441 0.27638583793119786 0.15567776667716748 0.07696704239932978
3 0.18096317921475705 0.5848124516325374 0.2734090699616298 0.14140753885979862
