8 0.47800409152193113 0.18199694902465086 0.2737015131009745 0.07385182532901993
6 0.5308605252506996 0.4158875884693719 0.1681880735233452 0.08942484434468528
6 0.5141826825584425 0.512541985541284 0.17036325780317924 0.09284079794548095
2 0.196964553339307 0.3950956844731738 0.2782377900212586 0.13461847396445537
0 0.4318669713144827 0.3452459950383112 0.19498499102491618 0.09147814597871567
4 0.7751810412722633 0.46473226475319207 0.3178561068803122 0.19612567455304458
7 0.9016444935566571 0.5221504341344154 0.0843285954189843 0.04471860082459078
0 0.7548639546017406 0.3046488321765285 0.30061909694334454 0.11874159636396214
1 0.7831871210178785 0.21156785884196766 0.14439090669451393 0.0791993398522011
1 0.44918854291703625 0.2466648534399572 0.17139984736176794 0.07842094112214917
5 0.4995006548695369 0.7017137367804673 0.24394669917177297 0.1945367748841832
3 0.8048229055485991 0.469078209607657 0.23955980555690382 0.1146799774027411
