8 0.39920757919613625 0.1836849056892299 0.27710960992014505 0.08684094953841495
2 0.1332137343270098 0.45129769699140065 0.2664274686540196 0.14963151072362657
0 0.32931118627164885 0.3593025621122651 0.20291078946487126 0.101912173970923
4 0.6998923694194363 0.4482107789455948 0.3374251423897334 0.2145624806025232
7 0.8406411697432026 0.4947017088330722 0.08848567596322876 0.04938778733817939
0 0.629546804171477 0.28609548026071097 0.30968491744758886 0.134151082603848
5 0.483527998339642 0.6354580890050789 0.2827718305342904 0.15306517268010844
7 0.13353870477098173 0.49363299403498484 0.09288653157679985 0.04890674042513915
6 0.45298579127611716 0.5228388949343996 0.18393625906243116 0.08952205273771863
6 0.1315544275520655 0.33256250937393506 0.14855063706320865 0.0783510256625291
3 0.7248086923446972 0.4525745584118135 0.27603346192611045 0.11046280600104325
