8 0.3881553888151796 0.12983630048552305 0.2812135687961771 0.08063724768594999
1 0.2854041422644775 0.21553284502419878 0.20025406089977132 0.11034320576065026
2 0.21144987127091402 0.49921711924831025 0.3375969142956038 0.1812973267046481
7 0.31965245528326247 0.5207867632479471 0.08962850468459277 0.055069789450255424
7 0.8610600706002235 0.6138006068686732 0.09413655004332777 0.05393421314341851
4 0.7556157478405854 0.5336288922924162 0.39115499136593235 0.24544779793988414
0 0.7643010128682268 0.3624250802319384 0.34211620813274735 0.16490016585231537
0 0.2583551412215499 0.3457253768197186 0.24391793719039373 0.12064480739923761
5 0.4160425101473878 0.649525741346187 0.25558467459902157 0.18990003203228678
6 0.468892487889604 0.4631265138232265 0.18305690850218176 0.10794537685723216
6 0.489072309716431 0.36589761478646543 0.18525848640332715 0.10462105497439367
3 0.7536882596082604 0.5358203953460163 0.3063605609655494 0.17350674360144958
