8 0.5899132431641378 0.10596887894691012 0.27372196156928297 0.09276691386787672
1 0.7019947705179557 0.1929653595255943 0.20416372352866163 0.12090395405431911
2 0.8198615029584593 0.48930497809523876 0.343362779991773 0.19892942173464306
7 0.720567924283771 0.5154083553476931 0.09237111045139546 0.06000302586669559
7 0.22123912590181094 0.6303201390347171 0.09633488529529244 0.058973654921324226
4 0.30809062827545747 0.5426076084902922 0.40401741946742453 0.26716314700852234
0 0.2711450412848868 0.3626384027244527 0.34467096645238565 0.1820842315367836
0 0.7495339461334463 0.329182090622806 0.24627677355086453 0.13300828802896691
5 0.6504651089680149 0.6539679360995069 0.26914616465276897 0.20516188414449976
6 0.5689700972431606 0.4593868897313049 0.1878672297828266 0.11785641551904485
6 0.5334870156320318 0.3576584221878105 0.18931919658247093 0.11448331207337165
3 0.3102909875051019 0.544854322351995 0.3131623440472664 0.1898339005130592
