8 0.6368853210649615 0.25096728146999586 0.2551205191508952 0.07629303074916671
6 0.5288053632417348 0.46264782214557665 0.16097960162978375 0.08775842333193573
6 0.5188752950579187 0.5532461340903513 0.16327747351826333 0.0909903806339476
2 0.8352465292220173 0.47051224924213797 0.26503959983119485 0.1328192716847605
0 0.636315226665741 0.4054439698569864 0.18546249862657616 0.09042295068815015
4 0.29588662038913227 0.48794635889734206 0.30682512842713633 0.19102629542192712
7 0.16702343058073243 0.5307137886361168 0.08070295686010134 0.043891587234436646
0 0.35555991957772914 0.34177887798299456 0.28380689654472063 0.11871768350922624
1 0.35406645027369743 0.25353624284450965 0.13843434027197266 0.07759418587573283
1 0.6461625930193409 0.31301440983009354 0.162838787771032 0.07763660616836804
5 0.48324601738321543 0.7291092586841036 0.2396874370498664 0.18745862085493492
3 0.26803622452421555 0.48955669973520666 0.22807915871350548 0.11321896021909456
