8 0.32947646974307954 0.10134462373418543 0.27247480009883934 0.09745882724332017
6 0.4807246895235956 0.34402907550040007 0.17950057785487883 0.10710008388399717
6 0.5079086344557798 0.44923821710600453 0.18244106813549094 0.11090719479558658
2 0.16544442560092745 0.3645081182604073 0.2933033307697058 0.1629007607987754
0 0.35891529801241684 0.2813379372321748 0.2047590209249866 0.11109214945697893
4 0.7262028770805173 0.36491001745616947 0.3466661865250925 0.23148131382351084
7 0.8673877745171356 0.40998972877401985 0.08996814979532619 0.05357234238734776
0 0.637224559352922 0.19678179100572823 0.30958013124292305 0.14737746358311554
1 0.6222883680489526 0.09389597574403363 0.15476779513696715 0.09454832950142746
1 0.3314748529175953 0.17399175549101759 0.1794458516637548 0.09551912805289359
5 0.5775800018413215 0.6528590522196791 0.278116327929187 0.22483819607907318
3 0.7552908193800125 0.36575827757799584 0.2521954403756993 0.1389425830482977
