8 0.34321949893183695 0.2602867682570947 0.2600802960974741 0.0909366944391429
1 0.22912495815680112 0.3707382664384522 0.17975804362635853 0.0899457563707407
0 0.6647925613646575 0.3969028732570825 0.3185112308271595 0.1469200203698267
0 0.27185176897464053 0.4879184183390525 0.2304498657995467 0.12750726699803433
6 0.4954764429338068 0.462129943472695 0.1730522962149902 0.09521915101851736
6 0.5251836981289737 0.5503872719272063 0.17596931260674703 0.09846871495252763
2 0.3287796006323951 0.631155556477049 0.3304902132107524 0.18373894104773358
4 0.8029913187274615 0.5593958494110773 0.394017362545077 0.24356894520819472
7 0.9518184463674324 0.6033925919983338 0.0963631072651353 0.05949561753404076
7 0.41556927497168156 0.6276202455864863 0.08782450680061227 0.044699352258348535
5 0.5930025642453299 0.7133510431397911 0.26299590663166433 0.1754267233255271
1 0.7034901937214046 0.29955192543264575 0.15770562568555035 0.08084930063960588
3 0.8043656845146581 0.5577145875400664 0.2790552383041889 0.1471785823414148
