8 0.5778269493506859 0.18005652409303108 0.30277299103146776 0.08803842469328688
6 0.5468496479526169 0.42966305524238146 0.19101601637713012 0.1004280511845016
6 0.5757357598824033 0.5313622097942972 0.19374103727450248 0.1041035597015626
2 0.8743066332231378 0.3950842985628016 0.2513867335537243 0.15213015164562754
0 0.6460609545632222 0.35114989503771166 0.22007569519028647 0.10360162860420091
4 0.28792013991463455 0.49056965131171415 0.3640549570965792 0.21832800707776268
7 0.15749799551509017 0.5561171966564067 0.0957610199297338 0.050229396660861014
0 0.29195847155512183 0.32032658624470234 0.33679017006420425 0.13627602850242
1 0.25087035918106876 0.2228488580859931 0.16426242358271406 0.08877165214079857
1 0.6162621768778385 0.2474351457861153 0.1932311003748307 0.08897460156784584
5 0.6128352728003811 0.7310834911744042 0.2843636629526953 0.2138606742714475
3 0.2563286858156554 0.4962862621912216 0.270644347167114 0.1296937664616054
