8 0.3529852282862823 0.08902586493682375 0.26220669534759145 0.07329780085031404
6 0.4285737821395383 0.34101760065341274 0.15794860237971065 0.09309122010697612
6 0.42235074451359467 0.44651642583123313 0.1598284321539431 0.09676014069316541
2 0.11642621518799348 0.33027523267703585 0.23285243037598696 0.1394721336259373
0 0.32500109013179024 0.26784948263317565 0.18399344173384588 0.09461928539699044
4 0.6712170490608568 0.3853806491655215 0.2965488406367105 0.20552220694983048
7 0.8001356277853059 0.4432232753739167 0.07920312724864509 0.04654611822809274
0 0.6349044811436818 0.21234647304071314 0.2852805372979246 0.12155615873792955
1 0.652821678867826 0.11031379950118725 0.1354251967071637 0.08256778139119493
1 0.33165087452303127 0.16023658119764272 0.1618814744459196 0.08100089981172125
5 0.4276362281552538 0.6523624168228652 0.22441995918106072 0.20575264243614277
3 0.700492020455534 0.3890479367066646 0.22589043304349954 0.11874747334751667
