8 0.620902073332203 0.18959105476308216 0.26969728248902364 0.06163163819221451
1 0.785176330294922 0.2835574202665064 0.17263730164611502 0.07212796550133158
0 0.34012965753771257 0.36211228014029667 0.31222250257787454 0.11422878191825359
0 0.8009507799232025 0.40094829098492946 0.2151232648259357 0.10576183140400158
6 0.5462213382794388 0.4046182689279402 0.16181250587487023 0.07884211025184257
6 0.5540418959987987 0.4945188134460765 0.16370436368876196 0.08196352672258916
2 0.8041731625348889 0.547975373276663 0.308063213098154 0.15263273121715304
4 0.2513901692070662 0.5396827250096294 0.36567382046201824 0.20740063227992167
7 0.111762752312026 0.6015200633273509 0.09294702260831142 0.05023075819536493
7 0.7082530056024927 0.5557127258210659 0.08396212403059111 0.03606196150531027
5 0.5543926582119437 0.6621876723603777 0.23030499933621756 0.15330048441123834
1 0.23854119572236032 0.26494800791835194 0.1500196128379152 0.07355256463690474
3 0.23748682607670635 0.5397941533458406 0.2858449971280831 0.12021171837079148
