8 0.5189809799194336 0.16614599525928497 0.26481497287750244 0.06666699051856995
2 0.8546299934387207 0.4040359854698181 0.2638890743255615 0.1278650164604187
0 0.6273149847984314 0.3298180103302002 0.18518495559692383 0.08671897649765015
4 0.27800900489091873 0.43997400999069214 0.29768501222133636 0.18880200386047363
7 0.14814800396561623 0.49401000142097473 0.07963000982999802 0.042707979679107666
0 0.3122689947485924 0.27981799840927124 0.28749997913837433 0.11119800806045532
5 0.5347219705581665 0.6049479842185974 0.25555598735809326 0.13177096843719482
7 0.8518519997596741 0.4454430043697357 0.084259033203125 0.04192698001861572
6 0.5402780175209045 0.4949220269918442 0.1685190200805664 0.07578101754188538
6 0.8182870149612427 0.29088500142097473 0.13472199440002441 0.06718701124191284
3 0.25416699796915054 0.4458329975605011 0.2583330124616623 0.09010398387908936
