8 0.44709936907919035 0.10991318784531484 0.27191958043120673 0.075478961109386
2 0.8048316833835562 0.3454381612279886 0.2762065533379421 0.13832377873582558
0 0.5699694097815917 0.2751947393207371 0.19357208805713444 0.09397622674474554
4 0.22818181013927663 0.3975809846852013 0.3153793553436668 0.20181712093873866
7 0.10223142197055285 0.45652108912625045 0.0836984962834052 0.04597659065984122
0 0.24897042344913337 0.23214682783435397 0.2985230530831086 0.12182496845564658
5 0.5003377288426838 0.5602826948825529 0.268161794872965 0.14211639508813784
7 0.8055692146942467 0.3880492923601322 0.08828576067232285 0.04529647385828278
6 0.49654259595536476 0.4471053904451029 0.1758841686150503 0.08229956912266129
6 0.7586463325490429 0.23015666646796237 0.14117311623107376 0.07257859620059576
3 0.2047114601313164 0.40422942656707744 0.2674011247186375 0.0993848571182887
