8 0.5255775032560092 0.1458713308941025 0.2628210098221806 0.09419859341046129
1 0.3406877675392938 0.2208082901184851 0.18239783121652794 0.09323046001099083
0 0.6959703726305579 0.3535248115488113 0.3228459614816569 0.15226660914318974
0 0.2755643356022692 0.3372201912722395 0.234169679935092 0.1321820238707465
6 0.4969653973232424 0.37156720025247425 0.1758310366105132 0.0987094177645414
6 0.45082177621344804 0.46123056468506973 0.1788401428003329 0.1020803453516092
2 0.20847523774749543 0.4850105320396412 0.33584903573538505 0.19047649837562464
4 0.6960391704240992 0.5431622048356468 0.41002149440945557 0.25252689312307397
7 0.7912471454027311 0.6222831839968235 0.1031417671589745 0.06168149231735098
7 0.28906731287230475 0.5043492880477184 0.08913499018372542 0.04633285070800569
5 0.3772238078692819 0.6301697780625384 0.26806411513798145 0.18189904410483437
1 0.8273791254787723 0.26782274318907084 0.16321427842755332 0.09197551382364391
3 0.7081622623856502 0.5449473133331071 0.30234646785157704 0.1551584192294596
