8 0.6223748081964064 0.19699725464705847 0.24953694921486858 0.07956981767335322
2 0.8739554425713171 0.4477122837557389 0.25208911485736585 0.13930936665950205
0 0.8034803213315659 0.1620811590333144 0.18204328887342447 0.09481938066778807
4 0.3552110424275698 0.4513884001876721 0.3019267075459079 0.20068677863490558
7 0.22882759429612032 0.49710166722491783 0.07929827426724048 0.04606649470840385
0 0.4159961697027157 0.2967848619572171 0.278214911711899 0.12431299309703384
5 0.5539273681453424 0.6265617353382773 0.253496078535109 0.1426711666758521
7 0.8677459681304382 0.4880151942944254 0.08329414200798302 0.04555581958514304
6 0.5795947249875739 0.5193700705771547 0.16507068578862172 0.08322448518630365
6 0.8667778646207429 0.3351833231687385 0.1332074128480384 0.07298572491743394
3 0.3373020784821791 0.45840573651057737 0.24801001492456745 0.11417522371328137
