8 0.7628129168903688 0.17254898567493052 0.28700848795185474 0.10330695698666059
1 0.885182551479403 0.29754803559196286 0.19896303109514935 0.10303390379542926
0 0.4048278185689524 0.33215306843466713 0.3522676592182915 0.16802469979307877
0 0.8358292559286749 0.433750468526344 0.25533770752091056 0.14632927734540663
6 0.5900348323052871 0.40606861169085684 0.19172980626262515 0.10926440386227548
6 0.5555874895341574 0.5086287362106958 0.19499763225745254 0.11302617778629637
2 0.7703248687582929 0.6002860604115462 0.3662013485849882 0.21087909523345666
4 0.24451579873026016 0.5218449195038675 0.44691864116826535 0.2799334721831162
7 0.08187573930003599 0.5742712850292002 0.112437883872829 0.06834538579263161
7 0.6748042923592983 0.5970435306042583 0.09722401953985205 0.05122021745665284
5 0.47770156679913156 0.6981296491227407 0.2920534901407215 0.20191726039919833
1 0.3641123200620504 0.21972884222153743 0.1745969492713217 0.09265641970993102
3 0.247954141286261 0.5198663393718621 0.309034183681624 0.16876074758508997
