8 0.5822595607246221 0.20298246875778447 0.26303608891516117 0.09804794326462465
6 0.5505957373707477 0.4483263135632816 0.1765216572043904 0.10494667137297287
6 0.5032647752133799 0.5464791944605001 0.1795683439530411 0.10859689120558297
2 0.26074361451751815 0.3988741082636952 0.2875220821303804 0.1600990144432866
0 0.48634329879809907 0.367253682767084 0.20052438055990207 0.10929209772519088
4 0.7513785674052691 0.5191511548967161 0.3427736852523774 0.22586255046985104
7 0.8444995196869867 0.588910362477735 0.08846694244716335 0.05249940276910403
0 0.7871503492114214 0.3525604467394098 0.30162326738938305 0.14587556385161315
1 0.8436326735363104 0.25906600398077456 0.15236584524886576 0.09256097487872608
1 0.5348944998708677 0.2671703225650153 0.17559582638252164 0.0940505832868449
5 0.42659557343704346 0.7400918303152355 0.2779482429191587 0.218012119869735
3 0.776269640132137 0.5261164241894454 0.2471393739540363 0.13660027800772767
