8 0.7076558310171892 0.14341683141912248 0.2930537870572004 0.09477242406586647
1 0.8359837540419743 0.26087613195258924 0.1993911836954151 0.09555780054223592
0 0.3428409284040527 0.29855220119954406 0.3547500848510151 0.15550291899989407
0 0.7995621081032895 0.3895706510977965 0.2541983932102788 0.13603483494038127
6 0.5423495729046426 0.3661372424065738 0.19094764680535053 0.10156483925470472
6 0.5177330374547042 0.4630150251315108 0.19397466179116318 0.10510108637922572
2 0.7496920471158726 0.5469811799040315 0.364445694670804 0.1960645328084229
4 0.20921447494659648 0.4787622062857915 0.41842894989319296 0.26073292961363215
7 0.04526434999728399 0.5298273398728044 0.09052869999456797 0.0636181598380941
7 0.6505412555713885 0.5449464397131678 0.09732876970814985 0.04752368734873491
5 0.45752237099943543 0.6421681601861593 0.2866130537198762 0.18842753660012324
1 0.28865275796995743 0.19319199219731598 0.1747043358168919 0.08598464986749643
3 0.20073658925569413 0.47686373020342127 0.3086541835134396 0.1567154979279365
