8 0.6647000800247972 0.13228757353889584 0.2422829346723876 0.07502090901880931
1 0.791128718070244 0.23987420005323368 0.15606347450194014 0.08683452515898446
0 0.38238741143764776 0.3407167078810876 0.281764307487407 0.13778092780281126
0 0.8012295089393415 0.382094924981514 0.19494430897821624 0.12707015349812184
6 0.5742529569777675 0.3885757119737451 0.14661301180627817 0.0947365233747417
6 0.5842463898274837 0.4952919771752614 0.14839276121585254 0.09845680799483608
2 0.8090432727631243 0.5567028258621445 0.27920146617830055 0.18336820509532836
4 0.31593992486689715 0.5514572752441947 0.3321967467219173 0.24880819280875427
7 0.19353544382765014 0.6260689538109199 0.08436366484902899 0.06028885835180342
7 0.7237872365161286 0.5666919776443391 0.07593074792573828 0.04339899130268299
5 0.5901936820444055 0.6944415331150743 0.209897114643044 0.18363766842228157
1 0.3024360658593343 0.2345914283164565 0.13610285084566565 0.07868404339212837
3 0.31818587170311713 0.5490148439644539 0.2390980472108909 0.14454638551239046
