8 0.8658189797775588 0.2792982828686096 0.2683620404448822 0.09186714318566513
1 0.9143558199584427 0.37430244190692413 0.17128836008311454 0.11248373602913853
2 0.8227941174688966 0.6320545591316065 0.3544117650622066 0.18542869388744943
7 0.7114803615407894 0.6273880807605767 0.10381096403473944 0.05539893574914834
7 0.0782769998546407 0.5913175916200395 0.10868839534765778 0.054712098483640226
4 0.24152093582662346 0.5454075993287837 0.4535001215976285 0.24631840127608606
0 0.342460072872709 0.3975165886818014 0.3922613828342557 0.17116996167256254
0 0.8745221897619021 0.4911248064108045 0.2509556204761958 0.12477454617356687
5 0.5265813803498912 0.7166568318897351 0.29892164834493057 0.18720192622547216
6 0.5905242051065311 0.5463892339465559 0.21162420878465615 0.10911880404500252
6 0.6317014889605289 0.4591496806219926 0.21376227894640687 0.10632014176507726
3 0.2421523947080116 0.547687872921511 0.35354075564356313 0.17626165997931992
