8 0.7973161264309687 0.16946384015682148 0.30666066600811615 0.10419482141378868
1 0.8966374999166907 0.2889959624429737 0.20672500016661854 0.10269683814651934
0 0.3255991583421626 0.31169199877807113 0.3744701097850214 0.1678644669564999
0 0.8515325110466099 0.42194987278500107 0.2702892634827371 0.14546916949564476
6 0.5864833574141661 0.391714986293922 0.20298522895219184 0.10863712616071147
6 0.5537784503709478 0.49186308933767436 0.2063565158989099 0.11233061925865184
2 0.7881528015210029 0.5844486661563173 0.38759736898762376 0.20961474035438565
4 0.22817088417813863 0.5009170273460363 0.45634176835627727 0.2777060536379216
7 0.05367115485723299 0.5502887730642294 0.10734230971446598 0.06784811217957232
7 0.6854630084203426 0.5800689398523304 0.10312630018033808 0.0510290615809611
5 0.47806362602839436 0.6767284697951627 0.3075476445522191 0.1998860636404287
1 0.3675541356289493 0.18236051950676294 0.18516502144716163 0.09229268595145523
3 0.21612279037629445 0.4956231357300542 0.32834918291984305 0.18334397540409386
