8 0.6766911270727944 0.10809193306729564 0.25735113401225174 0.06788971651888158
1 0.7555191024616139 0.2098522488517925 0.17161408774015396 0.10832336331171166
2 0.765389231134223 0.5253756966105212 0.2903541212718065 0.17726217634774827
7 0.6587753040678488 0.5402420409085074 0.0755592155136815 0.054923675936154326
7 0.12846492197647147 0.5983528100805899 0.08021916672844256 0.053259906513302036
4 0.24484816706314294 0.5193107175601757 0.3286286726384362 0.24549206201871032
0 0.27279726536279814 0.33177334220370847 0.29838399991224557 0.1583005308444746
0 0.7535488451207752 0.3541044891148864 0.21206121518982546 0.11634974068168058
5 0.5406797671260669 0.6730132003019644 0.20823185633119928 0.19386612783656776
6 0.5301789542690416 0.4653522915428046 0.15531859685448057 0.10704295490862303
6 0.5316697800675416 0.35762513339775553 0.15820398030327548 0.10309129627224467
3 0.2462036200793992 0.5218568930895462 0.26151165838294016 0.17104310139976847
