8 0.5004522529757987 0.17332436808604657 0.28995172687425785 0.09387374300230591
1 0.6675111621857106 0.26866188896513765 0.19537206897699455 0.0982177150463314
0 0.22760071128304027 0.4022543008277481 0.3484905612983519 0.1587078251577938
0 0.7106966124476057 0.4078635191318352 0.24820177743793548 0.1409218820055408
6 0.45535432803395715 0.4332866694073889 0.1864812870774597 0.10517047338983215
6 0.4904901597391164 0.5375350036430868 0.1893192022968685 0.1089666515085907
2 0.7585267080930291 0.5791496304912891 0.35578501736744095 0.2031796142266949
4 0.2072820906517618 0.6153511907277832 0.4145641813035236 0.27177494233386873
7 0.07766269777641474 0.6990921935182989 0.10859488597142046 0.06617865588091898
7 0.6643030514472363 0.5961384742851313 0.09531293144417485 0.04891461316317569
5 0.5416887874994202 0.7331445964753884 0.27769942157232436 0.19762710965693087
1 0.11345010887366834 0.30445677808704275 0.1710441591262756 0.08855293751912457
3 0.201479486366497 0.61275764059004 0.3018926007423996 0.16175872166639405
