8 0.22447709401571384 0.15547177862396455 0.26755273385716555 0.10207331763458076
6 0.3998501289258669 0.379681294158291 0.18193484362242746 0.10676108481649549
6 0.43897439911799596 0.47849659909489106 0.1851868548496834 0.11040095584620174
2 0.12355393671412315 0.41240707990600306 0.2471078734282463 0.1632999828399916
0 0.27500242001093456 0.3252447277615742 0.206069711380438 0.11157810061745405
4 0.6384309450326633 0.38918931644059007 0.3546283690479919 0.22888565717215908
7 0.7797318765734766 0.4260778213922306 0.0911739859869376 0.05341091392027092
0 0.5321292678676205 0.233195131173784 0.3088375542298047 0.14973369427901104
1 0.5050668382607145 0.13607177303585574 0.1571584847187601 0.09408233654075582
1 0.23536770136253027 0.22440981299579676 0.18035109361956278 0.09608988840062682
5 0.5310964590239279 0.6690248951964854 0.28968246757532934 0.21967354356634283
3 0.6665008260653965 0.3887710788440574 0.2540895105025629 0.13937461320596256
