8 0.27900879121490696 0.1836166896752095 0.3004866051625405 0.09273137834465756
1 0.16752969557883743 0.29201863102123016 0.2036851899701803 0.09250158238884326
0 0.673721943670415 0.32316873990900524 0.3627462107572912 0.15084402056373666
0 0.20204118399310075 0.41433328062968255 0.25932368646754106 0.13137599514174308
6 0.46704338181589433 0.3895142107242632 0.1948128681463262 0.09809856328743621
6 0.4901430223478561 0.4816164370587881 0.19785388161451595 0.10147650565958294
2 0.24972496479798334 0.5638890017041871 0.37176854515120095 0.18932982501580015
4 0.7969815159784602 0.493533199114155 0.40603696804307954 0.25133456203516624
7 0.964184411120893 0.5406365348781812 0.07163117775821393 0.06136242269765335
7 0.35171879814429957 0.5609922980062425 0.09940321161545118 0.0459846848657538
5 0.5479628120343221 0.6517964733447333 0.2915312101232363 0.1812940559478975
1 0.731843331595646 0.2222205798445177 0.17841130320325216 0.08318566991632573
3 0.8157644216106263 0.4917559364421482 0.31508526012696725 0.1515126578162152
