8 0.4733901120647128 0.13853298434025485 0.2934561984835083 0.08549634867294266
1 0.28434338119253655 0.2401656268000121 0.19356927822918685 0.09298519408925848
0 0.7366723046930629 0.35484696775159863 0.3472382574204682 0.14918006117473864
0 0.2467269250929588 0.37680116942741654 0.24398864447211535 0.13446481752794504
6 0.5130406907810499 0.39409627417063287 0.18340015707984503 0.10031073888538594
6 0.48869780273938185 0.4989521902667893 0.18592972142496855 0.10405884943634836
2 0.2169430788955196 0.5487751050659365 0.3496057571279975 0.19393758447734694
4 0.7939977541090315 0.5672735036540468 0.4120044917819369 0.26090888042514354
7 0.9330171330258166 0.6467971626481912 0.10621308503713711 0.06340683138466618
7 0.31608394866331135 0.5627285559854547 0.09431448562356154 0.04637368560454813
5 0.4582162806086607 0.695239919534727 0.26822688350656754 0.19087375993241962
1 0.8605946568437204 0.2462715110619741 0.170113875429041 0.09353452132833429
3 0.8123363624164688 0.5681134214421227 0.3206407843883766 0.1548803316397877
