8 0.3039642741047702 0.24451669286167876 0.27784296460459607 0.09085997464969486
6 0.4524974483966926 0.4516597656939671 0.18183327561958934 0.09639841573570762
6 0.4775809594300216 0.5424911240400774 0.18475437856805976 0.09972614581637695
2 0.13891196484701138 0.47794373653661837 0.27782392969402275 0.1472067780336117
0 0.3293990662581581 0.4003703588719556 0.20773084481673418 0.10052572471177823
4 0.7033341862670123 0.4632437359761943 0.3504798230356392 0.2071631763774177
7 0.8467352368391284 0.4986863469928306 0.09114035176009727 0.048224472038735144
0 0.6166169980332188 0.3193138977159473 0.31465096259425895 0.13445127630244819
1 0.6040150474805257 0.23017576510926313 0.15671719687667351 0.0849945377634864
1 0.3041088323013699 0.30768607108760815 0.18210190096674186 0.08653144210517799
5 0.5435975556101946 0.7178274706747856 0.28007780687434386 0.199532163220714
3 0.733099659395013 0.4632012870422636 0.2557964296205639 0.12561511438033285
