8 0.5962960124015808 0.1645829975605011 0.26481497287750244 0.06666699051856995
6 0.5233799666166306 0.3979170024394989 0.15879598259925842 0.08541697263717651
6 0.53125 0.4954429864883423 0.16064798831939697 0.08880198001861572
2 0.8546299934387207 0.386588990688324 0.2638890743255615 0.1278650164604187
0 0.6273149847984314 0.3298180103302002 0.18518495559692383 0.08671897649765015
4 0.27800900489091873 0.43997400999069214 0.29768501222133636 0.18880200386047363
7 0.14814800396561623 0.49401000142097473 0.07963000982999802 0.042707979679107666
0 0.3122689947485924 0.27981799840927124 0.28749997913837433 0.11119800806045532
1 0.29259300231933594 0.18554699420928955 0.13611102104187012 0.07578098773956299
1 0.6189810037612915 0.23033900558948517 0.16296303272247314 0.07421901822090149
5 0.5289350152015686 0.6858069896697998 0.22453701496124268 0.18932294845581055
3 0.24838000535964966 0.44348999857902527 0.2273150086402893 0.10885399580001831
