8 0.3707349911177542 0.18574858845367426 0.29058488953895373 0.09398475699698833
1 0.24771682490639926 0.2761706480288138 0.1965205122000973 0.09707928659823531
0 0.7697304708038033 0.44192084213734373 0.35019873762788134 0.1572492154099871
0 0.2330602351690547 0.4137106045185971 0.24999407492467102 0.13891538699646727
6 0.48362526089555147 0.434762628184057 0.18781325849520458 0.10368757032776221
6 0.45043624209219973 0.5420965254607497 0.19071678424926664 0.10738493421813267
2 0.1818973439923198 0.5795262588252158 0.35837844504390454 0.200262630144956
4 0.7395534915995898 0.6209105384354835 0.4338353324188001 0.2673417965925538
7 0.8595712713232504 0.7035942758692614 0.10947246070031624 0.06514387283724776
7 0.27567180810512915 0.5970747693337961 0.09589382191411017 0.04832457111518529
5 0.3954274566115838 0.7314969604566746 0.28052963489129124 0.19399568871154116
1 0.8152066359290764 0.3315269749864349 0.17210254803091052 0.08746722078419983
3 0.7497698636936809 0.6225326533523501 0.31932088043476337 0.16369550372904274
