8 0.29270744929199816 0.18943830000328765 0.26849479019079414 0.09627442814920395
1 0.18052690702152902 0.30406792891647305 0.1869553615250813 0.09380736841484721
0 0.629309399341007 0.3236511999380004 0.3306290450451273 0.15368313775070783
0 0.22976587588998343 0.42300094033046703 0.2402987531814168 0.13253544845500653
6 0.45833410480913656 0.39301366918377745 0.18042111055957777 0.09899160290102843
6 0.49287847556509434 0.4826316851729225 0.1835461932953626 0.10231521846416991
2 0.2947825675419491 0.5683038099021112 0.3446594436805966 0.190955497075537
4 0.7832874662596303 0.48720991808166125 0.4212224032344828 0.2524920698234485
7 0.936198131227484 0.5297238119026433 0.1059183831613919 0.06172985093151545
7 0.3837860135450309 0.5632743826633588 0.0913793774621604 0.04659082257343361
5 0.5699836878188017 0.6478957582147179 0.27576096354940827 0.1813553197396096
1 0.6646271577604728 0.22362997079674024 0.16411880572171011 0.0842495053545089
3 0.7800342724974114 0.48554406894101226 0.2906131548498717 0.15322133914211278
