8 0.45790044309431316 0.1717735150911469 0.2926100228338483 0.09031322922062443
1 0.6554626647484268 0.2472876069187599 0.19826663343762352 0.0902979871092254
0 0.2334172298278795 0.37389998893493087 0.35313343344414394 0.1471841528984723
0 0.7112530076912604 0.3622778451496652 0.25238855258254755 0.1283113776140125
6 0.4556591234150411 0.39369387701692327 0.1896045831928559 0.09580766152655124
6 0.49408943525348714 0.48222031995794623 0.19255931809391497 0.09911467755394293
2 0.7644565494738977 0.5081006110711893 0.361823633925099 0.18491754915642317
4 0.21170853373820442 0.5601134118732667 0.42341706747640884 0.24557092423103344
7 0.08449951623944633 0.6368123649468374 0.11056939886939497 0.05994730719867103
7 0.6703702130071902 0.5262490606137995 0.0967565725950269 0.04489325069348171
5 0.5514108789467975 0.6488781259378764 0.28364470661527996 0.17720900184850497
1 0.0804730914741101 0.2743533686375999 0.1609461829482202 0.08904070231025188
3 0.19461183550806083 0.5613993614294626 0.31825713132770317 0.1604575292640515
