8 0.6292374010290496 0.15756073418972985 0.24616992494157308 0.06619232673932085
1 0.7741073019252441 0.25325024528480555 0.1585458182048256 0.07631960113407973
0 0.3535104272926154 0.3343982455928912 0.2862566077226127 0.12117809861658785
0 0.7767302983961195 0.37775789582150754 0.19803474810690336 0.11160344209087175
6 0.5458292714893369 0.3795297810332495 0.1489377195441376 0.0832084245754599
6 0.5502497328117306 0.47299634018845693 0.15074425975320183 0.08646653315754088
2 0.7752911081722882 0.5305403220778521 0.2836268628656249 0.1610439845374212
4 0.27469960398912846 0.5174951491434447 0.33744509600670697 0.21840590985279307
7 0.14635990550953254 0.5806234237612422 0.08569813060661005 0.052931274187871025
7 0.6881552958902422 0.5378105990356101 0.07713786166937309 0.03813881807537911
5 0.545596825929613 0.647201926125663 0.21319856754870398 0.1611146701650341
1 0.27799799147112103 0.24024819907217118 0.138266057760034 0.06914342671558821
3 0.27711209361993433 0.5153984195192255 0.24289473777593132 0.12699379208587064
