8 0.541905719319193 0.11801667842835062 0.28210335024700633 0.07204278387787773
1 0.728299802386118 0.21392919081039252 0.18291374935108562 0.0812218809953765
0 0.2592518747522345 0.312305403272104 0.329648963239308 0.12946970276574066
0 0.7443998476489484 0.3424631473944705 0.22906378718532105 0.11827470923682393
6 0.48239178738562105 0.35227856636871513 0.17224759483894214 0.08820129313110942
6 0.49726156124655685 0.44868285660994645 0.17441864550646874 0.09159568103793919
2 0.7588669719085326 0.5003473005672672 0.328110692803699 0.17063918579927412
4 0.19236411856424063 0.5041820634548291 0.38472823712848125 0.2307242878039032
7 0.04997553496168306 0.5738359613333072 0.09929429200301239 0.055974301225135026
7 0.6606879333549005 0.5108712812872188 0.08903028677604741 0.04055783979441502
5 0.5103371517076183 0.6288096908788843 0.24809316081403798 0.1696760802559677
1 0.16358307643459352 0.2176535047017524 0.15961109310401636 0.07350571980763149
3 0.19157452285795518 0.5019325747038534 0.28059300452502256 0.13484325267208352
