8 0.3759420944296151 0.20215685683066276 0.28389748688858796 0.08808634572753132
1 0.2636092440767304 0.2771771449748053 0.20875411789943654 0.11085194948836372
2 0.16595824834642237 0.5389170548740598 0.33191649669284473 0.18258308807918466
7 0.2611872739218959 0.5645472134995182 0.0941404661473188 0.05478247983679441
7 0.7880511548002165 0.6788363645161604 0.09838921201822115 0.05398637077182833
4 0.6928500336052027 0.5985071977817423 0.4114826270671095 0.24373054954457968
0 0.721925051495645 0.43873760363296377 0.3536981066446241 0.16790902364664756
0 0.221184539331233 0.397645492652829 0.25255846451762676 0.122511250120167
5 0.34159177007091757 0.6898682668007291 0.2725425353757458 0.18610262115308318
6 0.416365809961606 0.5181021998082613 0.19170825253554674 0.10776900007205087
6 0.4480284699160576 0.4281343678099976 0.19343835512690816 0.1048614630310521
3 0.6906730729765314 0.600460918558229 0.3199492637121236 0.17385938364817133
