8 0.69260565638953 0.14203633081379075 0.2574436433521994 0.09060520309605359
1 0.7841012065964749 0.2550242489844305 0.1755752247061988 0.0942420352845513
0 0.3511751557629944 0.3075645877997461 0.31218474979331723 0.15245240761415904
0 0.7505722745226928 0.3884915561702206 0.22402487825674444 0.1350523019315471
6 0.5252994694752043 0.37155352818471543 0.16827378324337627 0.10079640713173471
6 0.5025158607200788 0.4719459644088131 0.17096694975589077 0.10441466184738707
2 0.7048952111654501 0.551888375154014 0.3211994457343281 0.1947062658509131
4 0.22139936199760962 0.49709411248678004 0.3899193305468248 0.26020547244658215
7 0.07817886337622294 0.5541881154565598 0.09828937333529807 0.06338123716232791
7 0.6179701980512073 0.5525617486329659 0.08571517084803004 0.04692440979257062
5 0.447502157418311 0.6580086148979842 0.2530575134478548 0.1890334406777333
1 0.3049558316920452 0.2006417505853422 0.15386705674060955 0.0849422044514288
3 0.224355311666986 0.4950468882479744 0.2719043126106739 0.1551087196895608
