8 0.4747896930303117 0.14712572491188022 0.2875214891506899 0.10329564310170948
1 0.6775528509092589 0.22742171984529014 0.1998283006387731 0.10176662094154598
0 0.2904698821313262 0.37327764618207737 0.353566071522798 0.16635813998588983
0 0.749799743406045 0.35334551339316056 0.25667688680885836 0.14413764572246957
6 0.508136916970463 0.39178476524942585 0.1927254454347806 0.1076432834047259
6 0.5593939544675872 0.488795886424538 0.19604105274289946 0.11130128432659947
2 0.8202071854949774 0.5132949441409792 0.3595856290100452 0.20769516663263837
4 0.2921389184251086 0.5789773733163208 0.44964888164454936 0.2751428908680889
7 0.18880974317814897 0.6653085343782499 0.11309100485212514 0.06722359162689362
7 0.7365789320245026 0.5347023224559091 0.09766098671236323 0.050565987111860555
5 0.6413861664381612 0.6716506804087534 0.2941456230348658 0.19802563916086624
1 0.14605940166902448 0.281018963557359 0.17890007208813613 0.10029618182482719
3 0.27890547516729525 0.5809784620390901 0.3312459868701661 0.16935742602391535
