8 0.48103633887924524 0.2315344319485733 0.2642516378500981 0.09346353742607955
6 0.5069340807551947 0.45524320780267713 0.17627000710089874 0.09789141055987655
6 0.5522393688319823 0.5441023261518334 0.17926218272039124 0.10123296282791283
2 0.8003507297765791 0.4046962271081672 0.2874077248319131 0.14970899436678248
0 0.5736978004740138 0.37994377515041466 0.20050909922702753 0.10228618335306439
4 0.30278439007799784 0.5236885785126033 0.34168305229150264 0.2099189343790393
7 0.20719578840821803 0.5891770013120251 0.08834343393403693 0.048973336560919956
0 0.27081207207687896 0.3720511183193067 0.3021052378066668 0.1372195801016216
1 0.21616687168758203 0.28761925027433827 0.152094741612668 0.08627039290735783
1 0.5272097819834305 0.28934229461383965 0.1756275622385084 0.08808379230082825
5 0.6247773976046069 0.7196898894098105 0.2761132322280101 0.20154032519206355
3 0.2775204711236271 0.5305145943727416 0.24706863772206542 0.12777246214386306
