8 0.6985514983400558 0.1114111924551093 0.28411341848420857 0.0785774714162406
0 0.8181180233391032 0.3310545792667758 0.23933508360888112 0.1163778869556934
5 0.6107537849937077 0.6241107449031527 0.23572164995717126 0.17508779633000138
0 0.2851159228406187 0.33192000120225185 0.35521939304216 0.1499692833018897
4 0.2898634279867309 0.5120131975748957 0.393238432470907 0.2397732017589665
6 0.565162666982302 0.34639682204356104 0.17472695084227008 0.0958973592867352
6 0.5908797895324057 0.4424257378308907 0.19150970396422107 0.10448183149450158
2 0.8328861746204881 0.4920179090031985 0.3342276507590237 0.20468845884140918
7 0.16184565001256396 0.5785121052642431 0.11612295704236371 0.05265155525949017
7 0.7387036704221177 0.4977099494224858 0.08866954322099752 0.04878605362568278
3 0.27210434558403007 0.5101826200581228 0.27845739159928184 0.16154952154632707
