8 0.48993795774757853 0.20543456195742554 0.268326085231463 0.08737670874271367
6 0.48994521641456684 0.4322750873158939 0.17423887323727494 0.09525766978694311
6 0.45392682117676264 0.5235404754543089 0.17697217071444027 0.09862193116559392
2 0.1821052039433264 0.39095359436081756 0.28541900974735523 0.14501728931865615
0 0.4123004492135026 0.3584268282560671 0.19940996450008802 0.09892643437879883
4 0.7080939015029813 0.4946396519068834 0.33505183962001683 0.20562294005745846
7 0.8142203990959725 0.5576205178213768 0.08733725921361124 0.047649817626896906
0 0.7229197870444475 0.3404008320477421 0.3027062196040625 0.131479500180743
1 0.7690729261090121 0.25329765915462715 0.15010109218509804 0.08407029375736838
1 0.4493279205229531 0.2653621260678222 0.17486649236055035 0.08508038247527075
5 0.40022630229214634 0.703319083119849 0.26649199434263615 0.19934913316371283
3 0.734894364006468 0.5006964551397932 0.24548256966451143 0.12370217992235705
