8 0.6438242592371759 0.1682917322240311 0.2522236222409907 0.07801249195106902
6 0.536777523743524 0.3891347929477892 0.1591926879634764 0.09052917306529007
6 0.5268704017330654 0.48344213291996213 0.1614671018067919 0.09388490047255338
2 0.8396740051411562 0.39552369571334534 0.2620855160421347 0.13688461025777876
0 0.6431044580730573 0.32899688061094867 0.18339276047565534 0.09316055028947356
4 0.30652136999866303 0.4168152103657692 0.3034438888825016 0.19731831206452188
7 0.1791021598787616 0.46205983958545627 0.07980702646176241 0.04527621297093615
0 0.36565384185545413 0.26440840667249343 0.28061930234754956 0.12207066609770051
1 0.3642668855251615 0.17261849188245523 0.13689988580174117 0.08006736975465123
1 0.6529316854408251 0.23278498038175427 0.16101970953393285 0.07996553642101209
5 0.49147440870489567 0.6666006207969322 0.2370856374143318 0.19400064340570133
3 0.27899077457370747 0.41865334846177005 0.22553591309594614 0.1166714932093062
