8 0.630630888560828 0.1470715254555079 0.3061612509898152 0.08023768693019565
1 0.7406041598238268 0.22580213014428197 0.2165689511114559 0.10638923046664514
2 0.8139199500768612 0.49114037425864787 0.3652307395515383 0.17495909912766971
7 0.6951726517628565 0.5133306904073329 0.0967748569750837 0.052906040353624895
7 0.10139504420399718 0.6103457539076362 0.10174939100064859 0.051932429691757265
4 0.21867039698088075 0.5331215153304782 0.42220279726136667 0.23565025789721256
0 0.21368511555861752 0.37235303235168427 0.37063591280190356 0.1597823239659868
0 0.7667246862325743 0.3476970608294738 0.26416725864505686 0.11678264730175925
5 0.5865096870727654 0.6360451855270077 0.2750624654905282 0.18145121886691618
6 0.5336866848903292 0.4617758897580685 0.19777669411816085 0.10384017100006254
6 0.5142021401408234 0.3707433468730382 0.20028203547145962 0.10078699968034627
3 0.22071801777439798 0.535147277024666 0.33119133547745305 0.16713202736694338
