8 0.6455139756104578 0.21569240606357437 0.27072192059940625 0.07638495783708407
1 0.74324317874279 0.29863641335152 0.1918723884367507 0.10544456926588092
2 0.8099192984938337 0.5719359209431156 0.32354800615921087 0.1732059699043892
7 0.705160034829667 0.5921716381937859 0.08577930996553373 0.05267641326163286
7 0.18122766499454174 0.6790754940238827 0.09016094830235186 0.05155849941055379
4 0.28429260548275637 0.6024428043658241 0.37426842248435094 0.23482193545828545
0 0.27873751556266174 0.4376781149021828 0.3282030997207003 0.15736585428929922
0 0.7671939509148955 0.424030061669739 0.23394540827146404 0.11516434987740815
5 0.6100299972835246 0.7155764502826902 0.24404290422331204 0.1819134972159856
6 0.5621117371134645 0.5359803380627944 0.17527322066844997 0.10321723363386098
6 0.5442449618506595 0.4423353859374284 0.17746074489542785 0.09999943944196499
3 0.28611625689969156 0.6045605684961262 0.29345699401203074 0.16584649405592033
