8 0.38992378737379146 0.16217130840707317 0.2658443492111443 0.0731071676676471
1 0.22039829806780556 0.2516297642129313 0.17435049324828805 0.08014631796656688
0 0.6357110510847755 0.34925418683252474 0.31324652559129146 0.12839647240394692
0 0.1898190295510661 0.3708183452069833 0.21928961782610637 0.11608047427788254
6 0.43297884505667705 0.38455315177960386 0.1648554866446959 0.08658901437959043
6 0.4136350608669097 0.4759974753903885 0.16706429442903786 0.08984628844258374
2 0.16733469417181754 0.5207453863619449 0.3141802961307935 0.16743361002461332
4 0.6971560246261784 0.5339595912376368 0.3762890812045001 0.22550927077267774
7 0.8225468669268274 0.6025452846170033 0.09532723917663388 0.054782431167599066
7 0.2580595533984251 0.5324035369311952 0.08492100615556186 0.03998191280723373
5 0.39117343558204687 0.6471037842802574 0.2398911886296083 0.16517233278218224
1 0.7457007394760593 0.25407376000165643 0.15289917451409984 0.08074427023126374
3 0.7104396034736427 0.534618536172923 0.2887820784695596 0.1335043121632008
