8 0.7085661781585525 0.1505785208751809 0.2637089177895626 0.09810947127201787
6 0.5427616694853321 0.369547560579644 0.17783112261663886 0.10324101104901878
6 0.5074622998537585 0.46584139919326506 0.18094068215570336 0.1067797277359987
2 0.8413883373693247 0.39969799675496487 0.2894173605051399 0.15780454174277986
0 0.6644407765002266 0.31592672071565453 0.2017943714179542 0.10779739955664552
4 0.30696201553129826 0.3801163087393358 0.34580013451902647 0.22156536420445527
7 0.1683909386985703 0.41676674894658294 0.08912107010124146 0.05164888333331391
0 0.40676784131589366 0.22785541348513533 0.3031277338762627 0.14445367596560713
1 0.4301879514585037 0.13327358163772152 0.1535393902040908 0.09100056028112044
1 0.7001754056863569 0.21766641356712269 0.17667167424891816 0.09281554091976527
5 0.42288657299082455 0.6516006011402131 0.281166395035144 0.212971778130708
3 0.27916610345795223 0.37986546234558793 0.24874621293951255 0.13467325027464494
