8 0.4064726665050872 0.20370195085767678 0.29737531578881987 0.07527413140244615
2 0.10922318191889549 0.44709333398840223 0.21844636383779098 0.1342762113011166
0 0.30684071862324697 0.3660861245192894 0.21257909987626958 0.09132419836616945
4 0.7016581692241433 0.4579047128971524 0.3474187304718238 0.1944631869720918
7 0.8499478534506288 0.5046621527662473 0.09203451399946971 0.04449719607999597
0 0.6457091822164236 0.3048128773166303 0.3273267806443801 0.11917380319753576
5 0.4398616517655794 0.6276846116885711 0.2947553660415979 0.13769964379065613
7 0.07455055868469117 0.4869255338035249 0.09700821226247433 0.04393527259050295
6 0.4210941516615814 0.5217676946867869 0.193086390709853 0.08008226660119405
6 0.09344232310256792 0.33642785775955475 0.15512397372091874 0.07039279241465213
3 0.7284151535408709 0.4625705909428206 0.2929876454847231 0.09761660435953506
