8 0.3785039782872622 0.1227109631778866 0.28701616602444957 0.07106942463775058
6 0.4623287665819692 0.3641153564511862 0.17312255067500892 0.08973276395732482
6 0.45601876332897606 0.465295955368572 0.17519496636302473 0.0932562072035038
2 0.1243035012326231 0.35480087027809915 0.2486070024652462 0.13451769565171362
0 0.3487447514012403 0.2942676727501267 0.20160476202650907 0.09127647731209607
4 0.727831023224446 0.40592248886975635 0.32518192708755744 0.19795015269347566
7 0.8690552610413609 0.46099822318166106 0.0868114552925382 0.04486755979066687
0 0.687318415267476 0.2401112343722876 0.3124689901713704 0.1174092917723106
1 0.7064304829595391 0.14221900833164303 0.14844823028455367 0.07957489166489173
1 0.3555114405874178 0.1910586184945507 0.17736577773665568 0.07815240399632897
5 0.46276147379850163 0.6626637712187771 0.2463238553959422 0.19795341744132655
3 0.7598560473758427 0.4093506791581726 0.2475241057152897 0.1145370842064069
