8 0.4379884435496857 0.16420688245995646 0.28625253643915216 0.0909010269976458
1 0.25157596733875814 0.26233725687993503 0.19166164725410437 0.09641293433143197
0 0.6928458421514121 0.3907726748358893 0.3424464054009274 0.1553951076715529
0 0.21334355804149024 0.40197825729920533 0.24292566350120595 0.13872062910524818
6 0.4677343847509696 0.4244309587770876 0.18254182758380888 0.10351258911069988
6 0.43632761079951055 0.5290407222383207 0.18524334364420092 0.10729598952493025
2 0.17283060548030618 0.5737434789066487 0.34566121096061236 0.20003088954213066
4 0.7278805603898434 0.6034501287015135 0.42005710031795784 0.2681161073400555
7 0.8516392895213456 0.6857425135451702 0.1061290055091898 0.06524119176241439
7 0.2656973026352887 0.5896328594969726 0.09346800104942776 0.04803980806121866
5 0.39202224385257245 0.7251577849269857 0.27040452367213447 0.19539082152000908
1 0.8029256549883641 0.2916951491375701 0.16770646727076433 0.08698744062551789
3 0.7258124623497072 0.6008808443153071 0.29581119076173734 0.15902659205967784
