8 0.21128807854338957 0.2134589990190051 0.3009401736238118 0.1016836897260206
6 0.3857037676730629 0.4215172387981293 0.19981005166667332 0.10359212580576682
6 0.41913741556236106 0.5141490234784029 0.20315775097486716 0.1070407276449295
2 0.10149025762961598 0.45987431461644485 0.20298051525923197 0.15894342597371824
0 0.2497320521965703 0.37301699696472623 0.22752420446049446 0.10871535614066502
4 0.6561514289058673 0.4246791970085849 0.3867839422687666 0.22109260581048923
7 0.8128172545446631 0.45615633858374516 0.10014362747145378 0.05182989926684628
0 0.5526850716714771 0.27953741611689 0.34325213253796155 0.14680301243627963
1 0.5327883889077062 0.1882126923077581 0.17235894153434544 0.0912003036215516
1 0.21594418126479162 0.27848490004783255 0.19932994129815224 0.0937059236570622
5 0.5025905427659378 0.6923460570357733 0.3117215717069657 0.21076490587237984
3 0.6881430637951157 0.42359559225708027 0.2803113503836756 0.135705151701919
