8 0.4340362854612242 0.13969475084646055 0.2560934308431088 0.08505211805973178
1 0.2550905785691424 0.23099569348433188 0.17203888980555843 0.0904834604586669
0 0.6466036756532212 0.3509725796746067 0.30711530590123187 0.14575608155507974
0 0.21882451067533923 0.36266941510346595 0.2183194462487718 0.1302696035632101
6 0.44533299520778624 0.38322280317855784 0.16404030316251378 0.09720336485634684
6 0.41569859857463753 0.48187057332805217 0.1665041325367675 0.10076588327201969
2 0.17890159697162308 0.52462202639261 0.31293272112231957 0.1878499369317096
4 0.6745390814578432 0.5512943099372518 0.3779622534122961 0.2519032625067642
7 0.7836234180550121 0.6285443169976983 0.09545348148780552 0.06128650284490622
7 0.2625936155376278 0.539371142652288 0.08391493059768665 0.045090294718197144
5 0.3731385753479194 0.6667758086578159 0.24367245358460182 0.18366307913954938
1 0.7463101543969533 0.25735111525385257 0.15057841230483304 0.08165041794389363
3 0.6727347734320454 0.5488781941585186 0.26568938864129876 0.14929608250800358
