8 0.6101805322527445 0.13931464224455295 0.2771338375652072 0.09183559480716096
1 0.7294302393113866 0.2252744360178976 0.18837583045806183 0.09414181900727137
0 0.2382253449651254 0.3877585179238562 0.3352376507542241 0.15271179631364634
0 0.7470565663645681 0.3571605324356197 0.24007127662461347 0.13449588320112138
6 0.5097017871239422 0.3790089235150447 0.18033938870185395 0.10039723686199964
6 0.544110871615543 0.4817876661722435 0.18318683857643892 0.10395100178976235
2 0.8001097855595736 0.5159398402043778 0.34418547880975103 0.19387743772630134
4 0.27170683882517344 0.5593174900380673 0.41736175070420034 0.25850914671999753
7 0.15997452912170346 0.639449158341328 0.10524973106654731 0.06301761818403018
7 0.7115400670471425 0.5333956707823524 0.09194665533137125 0.046848974550539935
5 0.6014519978702514 0.6631734930646783 0.27047747241847814 0.18734894059339569
1 0.19206658084094336 0.28212421096559215 0.16503948776188362 0.08478625961734398
3 0.2620496760337628 0.5609412162017442 0.3062559600922285 0.1586588817831508
