8 0.4943676842336081 0.1608163805803685 0.2911353685696892 0.07772768028540072
1 0.6824564972970912 0.24432535663557967 0.19234999961886234 0.08232366182437906
0 0.23542293457357727 0.35011292599303484 0.34490095700171 0.13272158300830428
0 0.7208593707126254 0.36035482982441136 0.24259875257646069 0.11841437139256211
6 0.4572417865758709 0.3797479923377377 0.18234894341943425 0.08836150143076865
6 0.4822315377372569 0.4688690910779576 0.18488411241230646 0.09158697081087541
2 0.7518012500131193 0.50669819407742 0.3476249935858834 0.1707476809435352
4 0.19269964105403076 0.532579686547846 0.3853992821080615 0.22881686986418326
7 0.04811696947607647 0.6028383218614016 0.09623393895215294 0.05568252949278252
7 0.6537271675304117 0.5203352719237907 0.0937294974987134 0.04101740071264759
5 0.5140684853460519 0.6359635752074717 0.2670654879763477 0.16671395300200587
1 0.11177643004146857 0.2595443246365525 0.1691430285929353 0.08237667931771997
3 0.16227358661859484 0.5335495922657157 0.31862837622848555 0.1370907017663056
