8 0.29130909215055545 0.1969621724621996 0.29004626424526914 0.10158698488138537
2 0.10858026958056978 0.47890950520483105 0.21716053916113956 0.1625815263914493
0 0.25320726797102483 0.37473900444867125 0.21974569086390028 0.11108538114735528
4 0.6451680780113709 0.4385710939388855 0.3740823509677466 0.22790557540081968
7 0.7964063242274951 0.4753679759376681 0.09677716993724417 0.053178418569965524
0 0.5437172796822249 0.2831564178752376 0.3312697182953267 0.14905794037609305
5 0.460857842830961 0.6372637376771639 0.30835391614099006 0.16538067612014407
7 0.07990251909115921 0.51989441537102 0.10102612485035853 0.05301040575543281
6 0.40894576740223454 0.5281180589319309 0.19864745429247743 0.09795869095048304
6 0.06434716018638953 0.3611039232903208 0.12869432037277906 0.08490813187131369
3 0.6712213052155701 0.4412704252169911 0.2935225282790064 0.12413601864990315
