8 0.7241045556224239 0.1945080058588492 0.29476494967245426 0.09995806409765856
1 0.8451107540629059 0.3133037781006527 0.2032531534801233 0.09748956213030963
0 0.36875290333174215 0.3332281724583904 0.360361510138636 0.15968531037656591
0 0.8084121541306966 0.43588842755870455 0.26035557399531506 0.13776750628690093
6 0.554172306158671 0.4049298030394456 0.19551884228041927 0.10289829485819807
6 0.5218433855815152 0.4982271701147748 0.1987855372583054 0.10635672324421552
2 0.7460522638907471 0.5871665843762257 0.3733627488531881 0.19849572614530409
4 0.2145095069086512 0.5033056634943694 0.4290190138173024 0.26250514172873524
7 0.04640131216062343 0.5477127122071587 0.09280262432124686 0.06417420682115615
7 0.6474827682951001 0.5820290633827105 0.09929022646943231 0.0484214748893429
5 0.44743223401321536 0.6702908121050231 0.2965977703127912 0.1885806707057761
1 0.3208672597596326 0.21148469705684714 0.1813656298454528 0.09562131302952703
3 0.19897354253659266 0.5019018775670023 0.32132557133287587 0.16076822472894342
