8 0.18357000996963163 0.18115267176753502 0.2946398724869379 0.10568294873429535
1 0.09706453410470622 0.3035592801302009 0.19412906820941245 0.10480097892301199
0 0.5849342287155304 0.33551039390993664 0.3618460767213503 0.1710983596329488
0 0.14318665960110727 0.4407160109576681 0.26240660596221455 0.14865088383970032
6 0.395248842099731 0.41125632132456236 0.19703457517152817 0.1110053261144936
6 0.4310650336272895 0.5145518408729286 0.2004026050462807 0.11480402907841936
2 0.21116272225754504 0.6083864833180124 0.3763446721033356 0.2142125861277404
4 0.7502913923505229 0.5259643413107004 0.4594137282683257 0.2840879161241996
7 0.9174047244865269 0.5778686973307432 0.11557080955213506 0.06938263863450489
7 0.3091537060477292 0.6045225663917712 0.0998925126224825 0.05208703603271836
5 0.5118506151180813 0.7053234014840081 0.30031637888429874 0.20470461251069683
1 0.5890670415933327 0.19793895375099493 0.17939254226056972 0.09421562902386565
3 0.7467544638207377 0.5239887482563674 0.317546786513322 0.17153872995386127
