8 0.25733091426935406 0.2017237809158681 0.2996276199781756 0.07360742642461082
0 0.19881880647806804 0.4290974358712497 0.2483786792582059 0.11238376822303475
5 0.5076251034057642 0.6973032350814916 0.23977849234578757 0.1713860544759057
0 0.7611143951792247 0.37886345911494806 0.3704673059306277 0.1439538954874371
4 0.8047034149101899 0.5563538191824008 0.39059317017962014 0.233397053180312
6 0.4702696160517127 0.4199350913234003 0.18045204425720168 0.09302341636896894
6 0.4726920679325329 0.5167983192735651 0.19783499623301448 0.1013294389797274
2 0.21595770947009368 0.5902704965147207 0.3777935429880056 0.1986812117669619
7 0.9532727310329676 0.6094539704932438 0.09345453793406489 0.050699012494923035
7 0.3338240597890628 0.5853117797748315 0.09156523115613452 0.04732806298257963
3 0.829671173938743 0.5528522328098106 0.28688187438803425 0.15700287265672003
