8 0.3889495705894021 0.18518753617556502 0.2696107382670706 0.06451208316319629
1 0.22913545253351808 0.2809526221174311 0.17367889762280522 0.07399496654286511
0 0.6732822285562918 0.35488567049386177 0.31356181998897226 0.11759383222043251
0 0.21742731549012345 0.3985979401917839 0.216954415759932 0.10809957003206172
6 0.4702554659902204 0.3995914115456802 0.16316599252534658 0.08060001796827765
6 0.46551514048653553 0.4896420115598154 0.16514754926362119 0.08374354832888853
2 0.21916640802214757 0.5457697957336676 0.31072504179302046 0.15598128188499
4 0.76727773090208 0.531656656478162 0.36971382872298586 0.21139399898864475
7 0.907871386320974 0.5920720115693325 0.09389049105074943 0.05124402912658055
7 0.314583983946671 0.5525040837907151 0.0845016890374698 0.03697067429328482
5 0.47079601377312297 0.6574410064187721 0.2336107689569658 0.15583163676600764
1 0.7708014242955303 0.25657960242899425 0.1512897492420675 0.07518267957288088
3 0.7810743018945305 0.5316219320064784 0.287595979938572 0.12330357100080347
