8 0.49545056637071194 0.16971581954987588 0.25656319243235304 0.08381963871456449
6 0.5195410322048511 0.4193479955140881 0.16225254236828096 0.09814921652043024
6 0.49424400396916346 0.5217220870389851 0.1645867300288868 0.10181134187644658
2 0.21613265172023238 0.3904444015388979 0.2670286343570528 0.14826538767981096
0 0.4362801636690644 0.342259042492587 0.18683128572242036 0.10087289141217065
4 0.738061592423402 0.4762366889512827 0.3094688933978368 0.2142143923588633
7 0.847834495966761 0.5398332855204979 0.0813401830068593 0.04908595878276689
0 0.7360873909745547 0.30570254639241135 0.2857215895345391 0.13191024066980594
1 0.7716707310313675 0.2073633628948404 0.13954849281249915 0.08683253741651181
1 0.46236632974025443 0.23785053466221007 0.16402452841166582 0.08656174516033602
5 0.4611687452656675 0.7224546108557552 0.24210265724343716 0.21101696378919121
3 0.7647373465756986 0.48145950088420175 0.22978100166348236 0.12635752671318495
