8 0.3786526249082594 0.1972334451802436 0.28739330901435245 0.06385815917244808
1 0.19116439590002038 0.28791817100331385 0.18486669773974776 0.07339155987338697
0 0.6774631203922662 0.37412654797908296 0.33389229861060743 0.11659427282186213
0 0.18010123528994335 0.4070373693476842 0.23080069974320433 0.1072578293186301
6 0.44981934724149497 0.41342033806811107 0.17358519954791496 0.07997089102883553
6 0.43864964346187163 0.5027920834955715 0.1756754436712094 0.08309462468499101
2 0.1719688957316448 0.5533022140602082 0.3305463154943368 0.1547692173652236
4 0.7578002937096826 0.5509774307910882 0.39308529248687674 0.20980694249139997
7 0.9037234840634528 0.6140057701017014 0.09984590081171207 0.0508546937819091
7 0.2733291701615075 0.5620297073018086 0.08993700771501051 0.03667165029457786
5 0.43289673795934747 0.6696273305953693 0.24819495672291625 0.15470382808550343
1 0.7051853913576348 0.24071063924007136 0.16120268774964552 0.06648053874411064
3 0.7551157259997794 0.54892157629113 0.28315027334832055 0.12208207485517347
