8 0.5642007047816022 0.13134484493642412 0.26961650439670287 0.07863448164963445
6 0.5249841962307096 0.36993933880025043 0.1679980160905582 0.09300866823908643
6 0.5462915481979984 0.46801933368180404 0.17028973507904588 0.09650405396532613
2 0.8490604665713255 0.34430030196885714 0.277221685383095 0.14035225370963078
0 0.6176872321141059 0.29675998026022443 0.19412223221570613 0.0954544099883862
4 0.28961159663822694 0.4229048960159235 0.3189256455256534 0.20329583651182753
7 0.1694638751607263 0.4830046705473118 0.08422703539416929 0.046513774230653226
0 0.3010076580688349 0.25981534803610884 0.2981144692819967 0.12454556197377803
1 0.26854676196144217 0.1655264523322877 0.14435558399559098 0.08231162487223835
1 0.5956520181949709 0.19672900954861583 0.1705365051263985 0.08188707139722809
5 0.5705039881069167 0.6602228917468144 0.24708620151132699 0.20068419199943488
3 0.26097250670175065 0.427723828472236 0.23862035478310692 0.11959876004487974
