8 0.32606929709058263 0.23666022267380374 0.28158369075349343 0.07261484546323577
1 0.1937649799778878 0.33652431168796854 0.183475101313828 0.0806137034218084
0 0.7308719323934857 0.40824119932605285 0.33022048979098617 0.12885337842990063
0 0.19864034645309925 0.4618676319891831 0.23019783337482722 0.1170432485290554
6 0.4592404879152234 0.4579202698816621 0.17308114185831402 0.08729618757393309
6 0.46013485986775504 0.5520749928396922 0.17532214846231375 0.09061440519524855
2 0.2098775794145456 0.6155599097775435 0.32976692450823775 0.16884055493152272
4 0.7737939915390002 0.5900109441179817 0.3940278342970919 0.2278073349380515
7 0.9225513759603319 0.6503449440837927 0.09990839565146359 0.055307010519256905
7 0.30863643898746296 0.6207127543342745 0.08933018126652875 0.04023275510097479
5 0.4763456533409326 0.7272432633517466 0.2504036694668041 0.16716274927451025
1 0.7299828777155486 0.28667453161212675 0.16016935912552166 0.07290035306884646
3 0.7793997202622089 0.5855643031342201 0.2774230792788389 0.14873889283863373
