8 0.628362763833222 0.12206656128047207 0.25042776060692873 0.07346831305399601
6 0.548033139924528 0.3642363134960796 0.1525730751759204 0.09142868409607119
6 0.5502103932682973 0.4660294882479892 0.15447890278013376 0.09498543944596044
2 0.8574734794186758 0.3573859224170099 0.2528026573790928 0.1372562183056486
0 0.6485402555408999 0.29479611873462197 0.17724572523571325 0.0931811876240119
4 0.3170361847933771 0.4044089113237681 0.28753664402013623 0.20129184557181484
7 0.19310109329583985 0.4587996061259274 0.07650283324323709 0.045717287710685284
0 0.35745278554170024 0.23795182523264788 0.2739343851783104 0.12023360261068788
1 0.344096016922086 0.13937535458533507 0.13091288578219995 0.08104307815869366
1 0.6460337804014626 0.1909598833460801 0.15586570911145703 0.07981668995077545
5 0.537979327001592 0.6644580916740465 0.2193646777582719 0.20073975850943926
3 0.2892255480810677 0.4076308766715671 0.21769690328921848 0.11688875242307817
