8 0.6747294736968938 0.15553453576349682 0.27694852201539477 0.10620048757117373
2 0.24940303715263903 0.3642027488240315 0.30573580652497406 0.17124016878577636
0 0.5193130495362781 0.08042744376460693 0.21309274466234313 0.11696260205712979
4 0.7647232173872995 0.47914661487536514 0.36647541476241496 0.24061912118119472
7 0.8585253682079328 0.5539519624390918 0.09425505605669138 0.05606385367346667
0 0.8106464715188064 0.30405892043288796 0.319476337394058 0.15663308527522987
5 0.44764265903563294 0.620671579833177 0.29992898820423103 0.17429105978688542
7 0.23191310244376304 0.4086617756132058 0.09815340772940612 0.05584781060771832
6 0.4958032060588883 0.5027786459146226 0.19239737712055804 0.10309979141739334
6 0.33778686340502284 0.2485539532176161 0.15701033066055303 0.08945477285633358
3 0.7776448663362208 0.4903128127745236 0.28580126801546635 0.1432344485855611
