8 0.637141230657674 0.23162327054181064 0.29517998667099754 0.0860575356667995
6 0.4994520536151154 0.4373195055663959 0.1889282836045093 0.09301869582560185
6 0.48211281304701836 0.5269569308255104 0.1917585627815414 0.09628072321382958
2 0.8473202731093156 0.4586383717200917 0.30535945378136886 0.14174524695718999
0 0.6263085281337891 0.3851823577727924 0.216941511771646 0.09672620321887132
4 0.23111902861311678 0.45221094161584424 0.36169706335780494 0.2005119137760768
7 0.0807667486530751 0.4890543794154898 0.09470730429803192 0.04653105015582515
0 0.3090706991640762 0.3095167720395723 0.3306529441306829 0.12881033470189468
1 0.31317603077302236 0.22171816429652036 0.16261217554759372 0.082069392674745
1 0.6436737635607734 0.29372062111151254 0.19035941268922774 0.08321089431308121
5 0.42973191011968237 0.7002344067916719 0.2851305184425543 0.19399910817081645
3 0.19912732574013148 0.4525850649849866 0.2669276813650613 0.12092471133229876
