8 0.6693533253292594 0.1315634966683427 0.267239438775425 0.09586066956489296
1 0.7785775957294558 0.25162195799769743 0.18439314927641826 0.09705030936308057
0 0.34678545286924695 0.2903429246517833 0.3268680105702645 0.15780716800800068
0 0.7448616096457812 0.3815553132494235 0.23625115383836548 0.13828151769674762
6 0.5145620665590129 0.3586012729211688 0.1774148250668668 0.10323745819641483
6 0.48491532444240226 0.457656210916431 0.18038634927343028 0.10684683731785272
2 0.6877822343889366 0.5425411007142564 0.3387997292276391 0.19931055715662904
4 0.2005365458576552 0.47496653228332975 0.4010730917153104 0.2652247342574172
7 0.047984095343272526 0.5277512158011608 0.09596819068654505 0.0646993268678086
7 0.5984688989243288 0.5408416275285904 0.09008036619385595 0.04827350048727941
5 0.41683662714542236 0.6408916400988504 0.2692708791102689 0.19180887714467088
1 0.29517113789090293 0.17342586041587604 0.16467103277638198 0.09621205275133829
3 0.18211166863002626 0.4736165674986868 0.30563021400458146 0.16154940360922632
