8 0.5741225207762424 0.15385941562766775 0.2858842826073832 0.07585816363340388
1 0.7643194156274138 0.2513855907974483 0.18616782218963224 0.08466917101402374
0 0.2935791855370271 0.35557802902894786 0.33512025427712966 0.13520548293833434
0 0.783536090059503 0.3835548784980187 0.23352399300080762 0.12305888239622148
6 0.5195361484509482 0.3953069674518509 0.17558436809501732 0.09177802877517621
6 0.5367671570227658 0.49442025326163197 0.17785056105085317 0.09528188659729636
2 0.801786537858167 0.5459379375629217 0.3345279192142637 0.17752651673644554
4 0.22723766158456515 0.5534754319592378 0.39963088766327226 0.23970616791237614
7 0.08859403402595 0.6260308998085581 0.10133710727224168 0.05818084574237359
7 0.7030198399887266 0.5573866520528292 0.09063797692653541 0.04226464782077599
5 0.5541300121389736 0.6797014136870091 0.25389076084360146 0.17603043079967362
1 0.2570243229815403 0.20781061787774252 0.16251179682449698 0.0765880407595197
3 0.2297253205032993 0.5511446721827772 0.285823119906074 0.14042050860980398
