8 0.34303148451682797 0.2187346240475741 0.25105987524378215 0.0712179495025426
1 0.1999960309460584 0.32233430083538717 0.16316797125458105 0.08045690219150614
0 0.6125895564461842 0.397172113916404 0.2938754683357339 0.1282038254931781
0 0.19442178873697447 0.4479309547192398 0.2045196417419869 0.1172062752489414
6 0.42746661653644413 0.4466991893270774 0.15378309676763852 0.08740278435114451
6 0.4270903631587949 0.5427978093368522 0.1557467507405807 0.09077188407318909
2 0.20254924988041487 0.6049012559392175 0.2929672428417313 0.16910060792666515
4 0.707050721601822 0.5848792159401732 0.34972962829488763 0.22870778912898249
7 0.8392971666569096 0.6480491317778188 0.08870713180455048 0.05547978089418659
7 0.29078251866162363 0.6112198132055784 0.07943070792904311 0.04017866654589708
5 0.43939633896080355 0.721738677400161 0.2219709670325103 0.16824159934582283
1 0.6922580798100633 0.28219445313282426 0.14259127558736073 0.08126422301423511
3 0.7097753643654356 0.5837911463227954 0.25563977083666867 0.13448899887135346
