8 0.2953699827194214 0.16875000298023224 0.26481497287750244 0.06666699051856995
1 0.20277798175811768 0.2638019919395447 0.16944396495819092 0.078125
0 0.7458329796791077 0.37460899353027344 0.3064810037612915 0.12369799613952637
0 0.22638899087905884 0.39375001192092896 0.2111109495162964 0.11458301544189453
6 0.4710649847984314 0.39218801259994507 0.15879595279693604 0.08541703224182129
6 0.46875 0.4954429864883423 0.16064798831939697 0.08880198001861572
2 0.22291702032089233 0.553255021572113 0.30231499671936035 0.16536498069763184
4 0.7659720182418823 0.5446609854698181 0.35879600048065186 0.22474002838134766
7 0.9030089974403381 0.6118490099906921 0.09120404720306396 0.05442702770233154
7 0.31713002920150757 0.5617190003395081 0.08240699768066406 0.0390620231628418
5 0.4680560231208801 0.677344024181366 0.22592604160308838 0.16614603996276855
1 0.6099539995193481 0.0893229991197586 0.14768505096435547 0.0708329975605011
3 0.7837959825992584 0.5441409945487976 0.2833330035209656 0.1367189884185791
