8 0.6798892682491322 0.1433992556872396 0.28575819003008485 0.09000731980261541
6 0.5410406529919743 0.3684726916208787 0.18407194184492476 0.09908188545467839
6 0.5216839182601876 0.4659961657149235 0.18688729322796627 0.1026088585773588
2 0.8636717363257311 0.3870306306054465 0.27265652734853774 0.15067613724144818
0 0.6649314411396353 0.31022118403561266 0.21105301647482566 0.10274868601265374
4 0.2817818715848167 0.3881466089847917 0.3530938903842078 0.2142098305652636
7 0.13567721075057945 0.4301049551999814 0.09226984973202046 0.04956131508000311
0 0.36116048458737543 0.23223999025087083 0.3211018765826693 0.13625490203851845
1 0.36769841350830934 0.13688556713240235 0.15849440213732657 0.08747508656623823
1 0.6843668183659539 0.21071717685529062 0.18514096837356186 0.08834044209552327
5 0.4660716259993337 0.6547648474169747 0.2794605010118118 0.20814566702033666
3 0.2509131826993589 0.3889711823879322 0.25974155323302683 0.12851297305497056
