8 0.38172904946914976 0.2220245778552987 0.28596519667330433 0.07038875517511839
1 0.19379410457494295 0.31839597930520847 0.18479596684527408 0.08001294014118104
0 0.6728224524195408 0.4140481364785763 0.33334577222651196 0.12735781057624868
0 0.17972110503387015 0.4464141185064031 0.23112252782346027 0.11669525405238429
6 0.4464933142810457 0.45491638863660866 0.1738089388815408 0.08701651461649262
6 0.4330949725204879 0.5509473216817824 0.17595857356936645 0.09038694220982146
2 0.1678368614728026 0.6036389787988893 0.3310376018052897 0.16837194078028395
4 0.7476942540703807 0.6046988169452582 0.39434533368784663 0.2279125290412049
7 0.8904613412216595 0.6733579848954065 0.10010200149566151 0.05527103543249068
7 0.2679240964493998 0.6136392767716103 0.08992796829084684 0.039965356153364495
5 0.4230262086489728 0.7303053868170182 0.2495738783961548 0.16780098791983533
1 0.768466098368567 0.31937052844316466 0.16120617713691066 0.07244038920220097
3 0.7450912547227311 0.6024719053546259 0.2832957292256708 0.13294818869175473
