8 0.7046300172805786 0.16875000298023224 0.26481497287750244 0.06666699051856995
1 0.7972220182418823 0.2638019919395447 0.16944396495819092 0.078125
0 0.25416699051856995 0.37460899353027344 0.3064810037612915 0.12369799613952637
0 0.7736110091209412 0.39375001192092896 0.2111109495162964 0.11458301544189453
6 0.5289350003004074 0.39218801259994507 0.15879598259925842 0.08541703224182129
6 0.53125 0.4954429864883423 0.16064798831939697 0.08880198001861572
2 0.7770829796791077 0.553255021572113 0.30231499671936035 0.16536498069763184
4 0.23402798920869827 0.5446609854698181 0.35879598557949066 0.22474002838134766
7 0.09699099883437157 0.6118490099906921 0.09120399504899979 0.05442702770233154
7 0.6828699707984924 0.5617190003395081 0.08240699768066406 0.0390620231628418
5 0.5319439917802811 0.677344024181366 0.225926011800766 0.16614603996276855
1 0.24097199738025665 0.2674480006098747 0.14768502116203308 0.0708329826593399
3 0.22384300082921982 0.5453119874000549 0.27361102402210236 0.1328120231628418
