8 0.3070614502073723 0.14397469137963592 0.30442353445912085 0.07689400390651162
1 0.20587075824926004 0.24122460524493688 0.20908994211837895 0.11331097921355826
2 0.1702900539010802 0.551962671246221 0.3405801078021604 0.1857976631405569
7 0.2861379190400234 0.5708035636101526 0.09275718050750009 0.057003040467754396
7 0.8952420925120304 0.6489049566615913 0.09799024490128228 0.055548973592101314
4 0.7679616618762705 0.5663997078038231 0.4040658781997224 0.2544291575894848
0 0.753656609863562 0.38038024562090333 0.36064345282597754 0.1674569418985844
0 0.19423818138468796 0.38354332140658376 0.25668013574312887 0.12279517034843473
5 0.4102197933412207 0.7063560860780154 0.25972974550246614 0.1989111170529837
6 0.4424254571000188 0.5020017471771323 0.19010518958860373 0.11141174047132363
6 0.4510900783704951 0.395717775975097 0.19306342689647032 0.1076370426212615
3 0.7661448574441271 0.5688572255510229 0.31919548259328856 0.1785470256766391
