8 0.546045798605682 0.15305266181766033 0.27837412218306845 0.09368399208374534
6 0.5283812521580361 0.37449447892398235 0.183954131470339 0.09753160061261773
6 0.48430554287926386 0.46226963711306146 0.18699471932300676 0.10084309555574683
2 0.21566414199353942 0.3228914699666684 0.3004204216491762 0.14926353556637326
0 0.45444755778335455 0.2995625559350354 0.20969276830222777 0.10200617935166845
4 0.7474087783414674 0.44335758311911677 0.3555930730426663 0.20893394072390697
7 0.8514199011084089 0.5087230163133623 0.09219890798267827 0.04879426544848786
0 0.7746405522380388 0.29333229602082933 0.31676738763293055 0.137038595165142
1 0.8287932937668085 0.20999115680184965 0.15863686740005212 0.08593420019200015
1 0.4996990574511019 0.21006783451912164 0.183745347336079 0.08786005898358826
5 0.41518705055588007 0.6358042801717747 0.28579541598854286 0.20028940738949008
3 0.774442242815939 0.4502509574161838 0.25830013636203686 0.1274027106037528
