8 0.37775276915966516 0.1471049481079068 0.29473043863256976 0.08321575265010911
1 0.21787157039977534 0.249398053415253 0.19316918496945867 0.09179070325563463
0 0.696075326400385 0.36447028863496833 0.34711806947705304 0.1468880703028545
0 0.19357551438805354 0.39033689284710305 0.24289914413134894 0.13310534385930517
6 0.4633949112967407 0.4050378425201276 0.18260708014736177 0.09928239488641755
6 0.44228834061938604 0.5107043601076062 0.18504553427868314 0.10303634426119845
2 0.17160594145455757 0.5635379637689664 0.34321188290911514 0.19200034592457782
4 0.7570563023231547 0.5762748265153635 0.416698858133718 0.2588223162722139
7 0.8964327167797974 0.6548623429232371 0.1055736290211079 0.06285627699959195
7 0.2699080664659652 0.576566176706694 0.09408334444428354 0.04580072394839663
5 0.4180309916066623 0.7083572667617424 0.26556948774206346 0.18974377542289977
1 0.8004659530881182 0.26193738708060044 0.16871776916478065 0.08298157907132514
3 0.7545914980335043 0.5737663441080574 0.29693914058189064 0.15204315565634735
