8 0.47896942417186583 0.1587059606728975 0.2887704684927402 0.08840949279129644
1 0.2778899947981522 0.24668013996830213 0.19356048591853517 0.0923470289999857
0 0.7218223482274845 0.37260533416510666 0.3457380636137619 0.14926814820173745
0 0.23855157853257444 0.37720878832257587 0.24543134346930467 0.1324530034894717
6 0.4947768344937045 0.40140682961016294 0.18442032171406997 0.09885189254579657
6 0.462520153565663 0.49915614484720594 0.18716312494767712 0.10241446452278175
2 0.19545885508511243 0.537830127136999 0.3517796047303193 0.19096633557260217
4 0.755892906335021 0.572553652485715 0.4245590159484567 0.2553733015259796
7 0.8801297159071972 0.651278667588845 0.10725146008498954 0.06219024511316196
7 0.29022020244386526 0.5538961280762076 0.09440013276466946 0.04598805528985783
5 0.4167339898471946 0.6825911831673594 0.27343910255834303 0.18565038185972094
1 0.8333275793643813 0.2810153672530985 0.1693836992260399 0.08325268414285641
3 0.7538237519702573 0.5701178756109581 0.2988030984162309 0.152061790074278
