8 0.30028471424638487 0.17167664994661042 0.2696389740349334 0.09180180378954583
1 0.20627318729447472 0.28217694957444206 0.18437549426477523 0.09331348870564449
0 0.6593644866324915 0.32297076163990607 0.3276071754328028 0.15161410181646315
0 0.24318429741529526 0.4095518371867217 0.23547397541006826 0.13307158647673029
6 0.4783271331908652 0.3882749203293159 0.17686398977021645 0.09934337657693487
6 0.5035454612835863 0.4841389778444112 0.1797245193925951 0.1028305804566596
2 0.29320970714875505 0.5653869293377449 0.33763075308619306 0.1918087065012849
4 0.7962596815072764 0.5020188348716282 0.407480636985447 0.25540613881835217
7 0.9480801313899787 0.5536362785569455 0.10337409253209184 0.0622902818945279
7 0.38404465259028053 0.5640973311621884 0.09002506424669798 0.046421859977832436
5 0.5636453482668361 0.6615241369438014 0.26653349578653746 0.18483478926698937
1 0.7061534722563219 0.21930102220973302 0.16161433542532055 0.08400200218104872
3 0.7945124969148929 0.5001194424084631 0.2856692265680667 0.15317820103111984
