8 0.7456628793579791 0.22287104901363855 0.31309763999107043 0.1093799356589909
1 0.8689062396972496 0.34960859605359595 0.2170254841481576 0.10651083141867423
0 0.34487056101217706 0.37147864215030824 0.3842582578238718 0.1745166104015664
0 0.8151533888603858 0.484492222218607 0.2785075439154665 0.15046235342091535
6 0.5469774664339064 0.45029750323242934 0.20912819389203996 0.11238216533989265
6 0.5094643391977958 0.5519365483186027 0.2126911452603425 0.11615275986076917
2 0.7438001847117033 0.64927853506464 0.3994304109547474 0.21678298481149605
4 0.20691344812374682 0.5569064329375719 0.41382689624749364 0.28661201897101674
7 0.02700781182966856 0.6050177627273683 0.05401562365933712 0.0700741729820964
7 0.6395867219715013 0.6435043906145719 0.10604965580492864 0.05289887820157568
5 0.4246183936483763 0.7393582017897644 0.3185293209425088 0.2058386047420353
1 0.3003757520553971 0.2579840004830457 0.19044571261929027 0.09565526689625148
3 0.1738491457062087 0.5550191441917661 0.33708273888663504 0.17395760246928704
