8 0.5053249933761548 0.18800380651279336 0.28623852273516087 0.061232261125531456
2 0.14216640179469262 0.4033310151242451 0.28433280358938523 0.11683737560222246
0 0.38732835896741014 0.336455742783576 0.20043054477296257 0.07925533114578409
4 0.7635884690850969 0.437413304718157 0.32251771299952614 0.17229124513293192
7 0.9033839877165346 0.4868343942403778 0.0862213505781746 0.0390035882632393
0 0.7276685142649861 0.2918032118977895 0.31101442252084766 0.10175139142781456
5 0.4854464586446286 0.5866809800646448 0.27667464915525264 0.12036588050226094
7 0.14423703124056958 0.44096225747712303 0.09121203444314316 0.038305393415479505
6 0.48017483308586506 0.4866924646260489 0.18237192516815798 0.06927533372732386
6 0.18147977582073613 0.30060666585932827 0.14584015374850173 0.061382757431199586
3 0.7892811714897308 0.442796072639806 0.2793973047876084 0.08251217148666662
