8 0.4812704443587137 0.12091957533360442 0.2946462556988903 0.10097472674133752
1 0.6592692725756997 0.20132351172136664 0.2030320604338609 0.0997631781148823
0 0.23797825674006212 0.3491973029289428 0.3600336763467531 0.1629918090317069
0 0.7194078078680626 0.3292063581624398 0.2600095335310043 0.14138947344020308
6 0.4684465741096385 0.36631233511952443 0.19526171048271995 0.10558740552542961
6 0.5162649613176673 0.4619380568722605 0.19851563075594053 0.10918651492368081
2 0.7881244063919934 0.4868421554163457 0.3728619744939533 0.20374102408037187
4 0.23627404054457976 0.5498888749290016 0.45416676709712084 0.2700337428726814
7 0.12537286265730133 0.6345412279368583 0.1143426089132486 0.06596434624637548
7 0.6964554155068772 0.5076467732778591 0.09917833450423785 0.04957604386871667
5 0.5913327898687464 0.6421377568564834 0.29604933881208184 0.1944485024234014
1 0.11232616745339499 0.2637298123229641 0.17808025232533986 0.0896682930338614
3 0.23794006119789485 0.5473599426518907 0.31501387664768565 0.16322121597539174
