8 0.588272565127406 0.17524774820012742 0.2823900737070713 0.07301865218224401
1 0.7645159495573218 0.2747669151002395 0.18297843851665685 0.08258031830537815
0 0.3110950691316405 0.37052642724286877 0.3298249422770304 0.13156231700993432
0 0.7892640524926469 0.4031815023600672 0.229086628149476 0.12032412237715179
6 0.526760146965896 0.4127015601748199 0.1722673590903644 0.08972687961887837
6 0.541318483906005 0.5111362027175775 0.1744306406813837 0.0931884977160678
2 0.8032037160925819 0.564371988783458 0.3281391155154503 0.173600472912873
4 0.23237575740874433 0.5672007416531244 0.39128275265891865 0.23482823939438902
7 0.09280635061595613 0.6380361507134877 0.0992876671439219 0.056961611727496364
7 0.7048148996457372 0.5749274622657372 0.08905817479499034 0.04124057890360955
5 0.5537862645862552 0.6950286312196556 0.24797185924716753 0.17277002403177233
1 0.19928499426061635 0.26614757606777906 0.1597434762933486 0.08368824168045794
3 0.21804166020129867 0.5676228679711337 0.3030206587829516 0.13759429272395113
