8 0.27112408905583407 0.22392104139416874 0.3034386044101375 0.09541015728912047
1 0.13814606624326825 0.3359884169191738 0.2071405069482765 0.09228633794589808
0 0.6299657951850698 0.3507735294996146 0.36821822817717925 0.15141261854340982
0 0.16817404879870002 0.4503253364012668 0.26439039789540475 0.1301696733153732
6 0.4333674615403078 0.41932166789717373 0.19858993598055558 0.09723314109428427
6 0.4607741950743574 0.5063062893459837 0.2017805043152422 0.10047105029932574
2 0.22290240553890975 0.5912873477843733 0.3790807011938632 0.18753272940051113
4 0.7809042103920982 0.5084690319006168 0.43819157921580365 0.24765252025999707
7 0.9514752023318773 0.5486548192843097 0.09704959533624535 0.06057337342056501
7 0.3252727596367159 0.5856870545435715 0.10113078265466136 0.04582196942564509
5 0.5266277801444881 0.6666082264912001 0.2988756716097448 0.1776356739359889
1 0.696776731551858 0.24414247971538688 0.184296941451371 0.09058280533483284
3 0.8064122180923945 0.5066918763849344 0.34328404007783353 0.15355384570825614
