8 0.5528032184479758 0.1078257288416096 0.25984808995139036 0.08608944714008504
2 0.1904656517851228 0.3383455617197658 0.27214926237861514 0.15050606890054563
0 0.417170874438478 0.27376751996348153 0.19033417148876075 0.10244633478681867
4 0.7173286545957467 0.4107315082366503 0.31658526439398715 0.21672666313908512
7 0.8261045210670761 0.4754338196971718 0.08300936856312013 0.0497606743890156
0 0.7200046685128233 0.2399559845165588 0.29045519168093015 0.13436109771602409
5 0.44385278200173445 0.5691606979271875 0.26526348524667476 0.1541220405665572
7 0.18413728984543326 0.38213414817656155 0.0871330330949261 0.049215055073877745
6 0.46236090539663494 0.4529157911177527 0.17253100305559455 0.0899253302778586
6 0.2484907467705458 0.22131715298512386 0.13934946327604575 0.07884795085921265
3 0.7381729334969485 0.41833148979759704 0.25887833800731486 0.11039218906258919
