8 0.2714639905676077 0.17084326292016924 0.2735127562542088 0.09028863024869155
6 0.4151592293231524 0.3865464166117164 0.17846608895287835 0.09757284407923639
6 0.43868396798510945 0.4805505832487473 0.18130741091566227 0.1009940219593416
2 0.12100088298355495 0.40895345386630066 0.2420017659671099 0.14868832711740154
0 0.29447148866982437 0.3318857178789537 0.20402273033487694 0.10146489365387729
4 0.6623180335248887 0.4021261414051812 0.34368127138632504 0.21032216330992853
7 0.8032336716044296 0.4407443837251882 0.08945396335739653 0.0488092184229611
0 0.5787307496035078 0.2524875854152889 0.30929149536307227 0.13512700839442238
1 0.567489725754057 0.16041001066544616 0.15378751227059795 0.08608686980970004
1 0.2707675408710526 0.23596832012657198 0.17887426195091025 0.08728800975039419
5 0.5014443668493378 0.6622667390004362 0.27415424034493346 0.2034811494503691
3 0.6916658861469495 0.4025140235221888 0.2512039035881395 0.126848278709006
