8 0.7329744809576519 0.12376699089601279 0.3042336671992577 0.10130408592247897
6 0.5656414884531624 0.35067994616030584 0.20009625203390324 0.10674965962021082
6 0.536003889854111 0.450418246683539 0.2033584790051262 0.11041304161511828
2 0.8773316389814586 0.3815058324091031 0.2453367220370828 0.16314158418442026
0 0.7013474132168379 0.295008290950999 0.22833708425404753 0.11143713930183793
4 0.2914094808107507 0.36192858775361614 0.3862546542598901 0.22914811142032226
7 0.13392180194855233 0.40005288763311087 0.10029177989251915 0.053403941126466514
0 0.3896703099264792 0.20416401865340317 0.34538503836559303 0.14928287267325177
1 0.40563464771636415 0.10621360774478952 0.17250885284915102 0.09409794587787773
1 0.7312565559442692 0.1932335523867318 0.2001230924107661 0.0959451143706738
5 0.4595751275714511 0.642843564253843 0.3095788135819254 0.22033593719025235
3 0.2589027998107873 0.36170506396250424 0.2812196743462291 0.13922539560556696
