8 0.5277177912822255 0.13395607369596632 0.26664352100876376 0.07762154507301715
1 0.6927964353804164 0.23333607876070872 0.17443238373358294 0.08642528241819006
0 0.2582843534371597 0.3401010683751383 0.31360788152247093 0.13807012958478582
0 0.713590260923846 0.3677902282573244 0.21918281008159746 0.12555210681426865
6 0.4688620218495029 0.38016728553025814 0.1647845171302147 0.09363975705450928
6 0.48707265037758296 0.4809895037404519 0.16696354255041168 0.09720761114884197
2 0.7341642621108424 0.5329889738076272 0.31401184783933167 0.1811195171585554
4 0.2011527196075251 0.5415705926088734 0.3757442898121052 0.2444745589519789
7 0.07411701362658134 0.6156171945901217 0.09522141061714473 0.059345141428101544
7 0.6427654000029823 0.5447950386556144 0.0849479140045003 0.04313759562348041
5 0.507335917754835 0.6694888931553672 0.2392498626336328 0.17946898643586806
1 0.16454671111463032 0.24176122628114455 0.15232785139770216 0.07816716401410786
3 0.2034090505083727 0.53919505302859 0.268040520361995 0.1432963656342371
