8 0.6358315644689498 0.16810741276461044 0.26440249851664954 0.07246328061666193
1 0.7778712686203504 0.2651695367433484 0.17375440520557062 0.0788546634426604
0 0.32858260999462596 0.3271268170085998 0.31200624561666346 0.1264969629067788
0 0.7678191926486788 0.3845012615651847 0.21870571155717256 0.11404344699876029
6 0.5255652023694196 0.37754979097723784 0.1644092044102768 0.0850759134115463
6 0.5205892193627439 0.4672226545122 0.16663476773116698 0.08825629273288799
2 0.7506011713972416 0.5307578895153765 0.31335591259771567 0.16448480427514717
4 0.22713283063153628 0.4995158737958351 0.3755728351182359 0.22130318564786744
7 0.08609328014912374 0.5551631140453537 0.09512026560302811 0.05378024654373992
7 0.6585022742459667 0.5344565618183328 0.08464092709169713 0.03932727181068352
5 0.49779925938944825 0.6338745844536142 0.23966691165259474 0.16191293173764143
1 0.2590975316229518 0.23413669952225347 0.15179534279615042 0.07123879789995968
3 0.2298776215875139 0.49759832081555966 0.26723064374686323 0.13042801238296703
