8 0.3681884621354305 0.16002741123042394 0.2990860236181071 0.08340728536859614
1 0.25861103115618933 0.24361314893397892 0.21320779816058633 0.11150084981079716
2 0.17926952905894747 0.523952239508547 0.35853905811789494 0.1833216767913481
7 0.29376335579832014 0.5468250377174275 0.09545059888320309 0.05550040872832185
7 0.8689019713722628 0.6464820630847303 0.10023475250258918 0.0544466301049259
4 0.7571431257972018 0.5655269273805812 0.41658556109264944 0.24724835981511128
0 0.7670788975710301 0.3958500773885636 0.3641453935450695 0.16724148423598723
0 0.2293229233536758 0.3723647536673553 0.25963721787085964 0.1222667220758743
5 0.3956979382807369 0.6758240886010045 0.2723277018671998 0.1906219352027213
6 0.452643577677308 0.4916811184164676 0.19492853500030588 0.10889461234818343
6 0.4744942854065428 0.39552803413422577 0.19725309299197918 0.10565288845867099
3 0.7550851879719402 0.5676740314685924 0.326198074264317 0.17520544574593944
