8 0.4433558970514377 0.1382098893195374 0.2652821253687513 0.10357807987048451
1 0.6342017072525434 0.21983143383222517 0.1870730278957169 0.10278725912879166
0 0.27936801745665163 0.371196984394626 0.32976278675578197 0.16778718122665026
0 0.7037988883026154 0.35268959155256263 0.24150216748316422 0.1458176885678958
6 0.48594330679793923 0.39000259031242035 0.18127906402185923 0.10888872906301217
6 0.5405122110497695 0.48936177898616245 0.18456050227549137 0.11261782540696241
2 0.7847871225331199 0.5164333042474242 0.34646118173284624 0.21013132968916975
4 0.3033758966753906 0.5792538486779668 0.42510589820588274 0.27870864606739953
7 0.21578339017614614 0.6665052849947785 0.10674001624207735 0.06806603190938798
7 0.706132680760456 0.5375799283629122 0.09150197765797119 0.051087627244044365
5 0.6300024152520078 0.6765276231864831 0.2797156584713775 0.20085423863911966
1 0.15706122576752957 0.2820106394338185 0.16438922626367905 0.09240898730787472
3 0.3045318948718665 0.5766396822825962 0.2914471469574834 0.16825695054448636
