8 0.4776527775347367 0.1885777225199593 0.26400817186807857 0.09665650215053331
1 0.6605871758572859 0.28187997420997574 0.18160313072763146 0.09974749915508682
0 0.2947747096595549 0.4152407439257293 0.3221802937545813 0.16159933481871008
0 0.720374172476534 0.41645047332137397 0.2324237456896049 0.14270589710248677
6 0.4949080172094641 0.4449190984024699 0.17455159352696198 0.1065178503117214
6 0.536899825684827 0.5483811298351404 0.17744106500475698 0.11031285169955635
2 0.7805270659322131 0.5865660819484475 0.3332927355019666 0.20572530886769158
4 0.2849139733481001 0.6295016860922913 0.40573948887161826 0.2745948652138113
7 0.18463536950731524 0.7144515769760755 0.10217161433505792 0.06691456105374771
7 0.6981023042640604 0.6046528052148241 0.0887017426129646 0.049651061131170904
5 0.6025370279035227 0.7426959976441639 0.2642883437409314 0.19922858317250558
1 0.14293288092978843 0.2953093843270418 0.1619134756997983 0.09900609722193393
3 0.2763990915818545 0.6306914926347903 0.2929567546486091 0.1783714408209216
