8 0.24836714597771423 0.18743494760579887 0.2724041638274121 0.06306985107880239
1 0.17390824987378273 0.2793363481646888 0.18317969605880502 0.09766064060473276
2 0.1896839215638062 0.5577246038017319 0.3097763811963197 0.15993192907392584
7 0.30302969109914346 0.5678436205817236 0.08082655690967872 0.04937485710742573
7 0.8655123211278011 0.6042183096790855 0.08568898550833526 0.04796558790981709
4 0.7365735506874108 0.5378063296789878 0.35169808145941706 0.22057739710247987
0 0.6916370204949818 0.3732876235109023 0.31776524684275853 0.14331018858979172
0 0.18793775539779783 0.4064294943150437 0.22592861728259794 0.10524180349452317
5 0.4382229090888109 0.6815660953099067 0.223777713284824 0.17355311423986353
6 0.4320516040471447 0.49823349934183436 0.16600420063354832 0.09632884923710255
6 0.42155394894051906 0.40332124791733537 0.16894415103864635 0.0928799038654764
3 0.7353592481189344 0.5400885515040189 0.27928049666064025 0.15408887293946388
