8 0.4456544567695614 0.13525362891193368 0.2948770658635797 0.08012782101896974
6 0.49956045266081095 0.3857565240164341 0.18174913918681362 0.09633433462895163
6 0.4804383465429637 0.4891138896859145 0.18412786302059597 0.09999626381854565
2 0.14561447286076326 0.3621035638777515 0.2912289457215265 0.14512577139641847
0 0.394046515022205 0.309748415095048 0.21055475140358176 0.09864322590089752
4 0.7615293954827889 0.4390513963845314 0.3438229289785518 0.21106388679866456
7 0.8967295219194262 0.5010249566169358 0.09112656378445727 0.04817476565390133
0 0.741678885921984 0.26766461116783447 0.3243460415188878 0.12824296368440913
1 0.7732720749845255 0.16818004783936938 0.15606344421290208 0.08529945140387019
1 0.41388433060104135 0.20433199433840127 0.18506148577416703 0.08458125505060637
5 0.4623142454292971 0.6914801969328395 0.2644240472624593 0.20905245865588118
3 0.7933320197575933 0.44382653122351406 0.25871743915493306 0.12364172948696861
