8 0.16469238878021983 0.25550924621026705 0.283712883924273 0.08579343977769133
0 0.1571236302425137 0.4700223376252005 0.24561682184821002 0.11803486292901971
5 0.4926981074116209 0.6998469179448545 0.2498838640731737 0.17139210676254713
0 0.6597108129461762 0.38888010533536455 0.3615410359203529 0.15443372059947874
4 0.7413982608985908 0.5504295368772654 0.4099643008847258 0.23821722502614534
6 0.4027880323800653 0.4448469372401701 0.18075525733591724 0.09614352424675715
6 0.42450066013759963 0.5345512992413599 0.19803442406666216 0.10480685259637401
2 0.20520380608243893 0.6184783120950655 0.37922595981247653 0.20487313088111048
7 0.8938259480388837 0.5901372389396677 0.11866778600640548 0.05379153447094709
7 0.31167607265199826 0.6066375325668918 0.09174467227396627 0.048900356244174215
3 0.7572543892882841 0.5460655387195655 0.28921480339364847 0.1611734742448263
