8 0.4107454555124148 0.19807814946342972 0.3015257656883505 0.07961972969861295
6 0.4467779210626426 0.4165003495860107 0.18929342386731768 0.08927827090936824
6 0.41997826403202565 0.5050882840105981 0.19194714907084115 0.09250298503187998
2 0.12163124810455965 0.3827758709992927 0.2432624962091193 0.13549217931440327
0 0.34603422972670644 0.3469220172192359 0.21834341808251548 0.09233014338820283
4 0.7067788702108679 0.4722536367711447 0.3602107131247694 0.19357570409118308
7 0.8384496597639637 0.5308068642141544 0.09489991904867945 0.04465504317905722
0 0.6992816376831639 0.3234466814724595 0.3346034209048765 0.12192355925876769
1 0.7383612836123197 0.23866687521158214 0.16273089524873774 0.07887008904451479
1 0.3737049978979272 0.2565816664689864 0.19175160481634312 0.07933682581636409
5 0.3869635336507258 0.6792529477593106 0.28045775217885605 0.1888911742969266
3 0.7384661776926525 0.4775577776434179 0.2684664255654121 0.11553489524882044
