8 0.5563306913282673 0.2036182728405067 0.26903779149622803 0.08769067333064648
1 0.733435912178224 0.2930530352464115 0.18091355456232772 0.09252669963948326
0 0.32315763446500123 0.41729401087549245 0.32287332188131196 0.14927554831420592
0 0.7721816371147747 0.4259755054072837 0.22966435377457084 0.13298787907490467
6 0.534562894288463 0.44843341809516346 0.1725610005864841 0.09924031174471559
6 0.5661770660483594 0.5479985815828912 0.17516405759556158 0.10285049045176214
2 0.8149225229407083 0.589498501243388 0.32920021666199273 0.19175536863376014
4 0.294878987682101 0.6201275051709266 0.39774442525080617 0.25682335115011773
7 0.1807937773360136 0.6990700505336978 0.10043687214707256 0.0625101328645491
7 0.7271625617477855 0.6050336803882044 0.08824882623637587 0.046094675837001886
5 0.6118048503581027 0.7347190070415983 0.25654005802004615 0.18700765422928556
1 0.21802741322140556 0.32332899859221526 0.1583591406392636 0.08345869660571081
3 0.29676009433856904 0.6176702899681223 0.2794463028898677 0.1525291575300256
