8 0.5785733035588749 0.21028225893927555 0.2931989088938922 0.07975641389199573
2 0.17777515247060283 0.4063022460030854 0.3038571812053612 0.13609170705195645
0 0.3833994755890937 0.15412083133615337 0.2126601072913003 0.09272818427808299
4 0.7817574349716742 0.47930649353522825 0.35124682183686606 0.19458810098328488
7 0.9090428242945936 0.5380877246912401 0.09247494904686404 0.04486705771808808
0 0.7759252791259086 0.3293389879689029 0.32569845234004235 0.12236473841242268
5 0.4784442817435013 0.6135879061792622 0.2957727664587928 0.13911499355090284
7 0.1728428090213313 0.44465458818963655 0.09722995046016583 0.044467481905545336
6 0.49348426410701685 0.5118050525469784 0.19292554086977703 0.08149510678239452
6 0.2377933024699916 0.3045375142066223 0.15548972843898762 0.07123727639247635
3 0.7995688346549659 0.48813116676931734 0.2902255772353747 0.11223505381720056
