8 0.2488531982388526 0.11610489057437584 0.2720977407391506 0.09688341840918552
1 0.12325618934554566 0.24017270111127903 0.18652845129499745 0.09976058272708224
0 0.5801443566495147 0.29056232506318386 0.3312134983197739 0.16168859475081687
0 0.16225531672634577 0.37923147461274476 0.23843824093385785 0.14265795685341415
6 0.3987599945364127 0.35920404784869797 0.17908107756123726 0.10648466068830958
6 0.4255316343861598 0.4638275750523922 0.18200650833142484 0.1102703800536523
2 0.21486978513769955 0.5494256252039725 0.34189655776441874 0.20565189021131774
4 0.7219571895921957 0.4871800953838238 0.4157493283563397 0.27440164758729496
7 0.8742140777096936 0.5453297556093311 0.10473520794581115 0.06687551043112672
7 0.30633016561112886 0.5492277034489862 0.09108956611956631 0.04965345020234979
5 0.48860099175748706 0.6575993479225135 0.2704171230428675 0.19901516981353895
1 0.6257785667090168 0.1784023659631051 0.1635356123622108 0.08986810124305478
3 0.7187904601890859 0.4850724213478629 0.2891378061078371 0.16400418308104897
