8 0.5067881680474593 0.21338200984581693 0.2783583810432685 0.09916212221765325
1 0.31048072408808597 0.2875358755650089 0.19346351243499316 0.09696527406317965
0 0.6852077541869923 0.4280582703873572 0.34230289231223177 0.15874445362780087
0 0.2405237677014052 0.4057217302607572 0.2485030095213856 0.13710700037185214
6 0.47447813923606597 0.44383195853345503 0.18658800425794103 0.10240178970711572
6 0.4248449449981808 0.5349157417974493 0.18979826978474318 0.10585342140600307
2 0.17320576762217418 0.5559740776257266 0.34641153524434837 0.19754932757089477
4 0.6835701687278329 0.6220148335767985 0.4353325426261159 0.26136988763992297
7 0.7835959851716026 0.704219428941029 0.10949011647657658 0.0638867800326901
7 0.2533038759589123 0.57683834664032 0.09455045845173113 0.04816604264879165
5 0.34544733836944375 0.7067109038490411 0.2847825259828047 0.187855412442283
1 0.8505171582317711 0.3281546686424643 0.17309042779344774 0.09516089607336897
3 0.692399210630766 0.6235576026718394 0.3131339444912613 0.17151770835209845
