8 0.2818129411604553 0.1426270572096671 0.27125840860250494 0.07963061816105325
6 0.3981541069074149 0.3578875553248205 0.1714635933980485 0.09057204204803843
6 0.40937169858110367 0.450292911147629 0.17392618927709708 0.09387951568392361
2 0.10695612570695703 0.3682337678845626 0.21391225141391407 0.13724326661641506
0 0.28356575317745647 0.30030867133216743 0.1974598140757074 0.09347368671121953
4 0.645675727786431 0.3819495011542642 0.32698813619038086 0.19681340004763132
7 0.7828317074305782 0.4246304963573946 0.08595806752910484 0.045300269109434244
0 0.5812236203189762 0.23319686819907398 0.3020165920557172 0.12303508606610258
1 0.5821540687843465 0.1431097010993076 0.14746623035399842 0.08005173706552586
1 0.2724223938407213 0.20603339678617602 0.1733592598462888 0.08028383166542175
5 0.4485123026405783 0.6295400198136571 0.25572904871210383 0.192662283962316
3 0.6752616910497996 0.3833825928833821 0.24284868368215928 0.11700676149116473
