8 0.5774198694131494 0.1623949222748909 0.24898557678055921 0.07106986914441443
1 0.7217582479668085 0.261510727088432 0.16343613195729467 0.07816592521338636
0 0.29853430386334634 0.3270140883776309 0.29356835204102966 0.12515049380456394
0 0.712986312527317 0.381539117714196 0.2056295441855679 0.11328398318180527
6 0.4845477797092562 0.37628843782393834 0.15458328205255717 0.08450023857738653
6 0.48038632706346374 0.46646633229477363 0.15666369458872853 0.08768756604028455
2 0.6976174221188545 0.5286847228537326 0.294614216301768 0.1634045571321069
4 0.2039060024628849 0.501032915768179 0.3529653961380839 0.2201840024423476
7 0.07126252756132884 0.5579827922515976 0.08940811891100146 0.05348031050064361
7 0.6108082898352774 0.5330631843689472 0.07960911567887174 0.03899841416711314
5 0.45988472766847144 0.6341539443742579 0.22511645303388966 0.16134908324029218
1 0.29542926378309964 0.19191727245761378 0.14276702898107613 0.07065416225665688
3 0.2064824642415776 0.49908564372264563 0.2513065944741895 0.12943524058537975
