8 0.5049829535082496 0.23428038580740873 0.2602534959218383 0.0878818190296887
1 0.329480203419662 0.31204836442610967 0.17766344053595592 0.08949776428194633
0 0.711153362615168 0.4388529108705672 0.3158176573649405 0.14536161830457117
0 0.2823961831049734 0.4332648201550793 0.22676776322456477 0.1276817686054877
6 0.5072253729047588 0.4611301726523267 0.17033061805877286 0.09531763798175324
6 0.4694862467104908 0.5518485897352035 0.17306735312571003 0.09866982844258598
2 0.22916787419790907 0.5825358753441376 0.3251377864734759 0.18404320065534402
4 0.7226342181602449 0.6264672332496056 0.39482659420594013 0.24513991209225416
7 0.8253771361812174 0.7026043197013474 0.09951471135452172 0.05978022094503399
7 0.3116516667304766 0.599494360045732 0.08673948172265367 0.04452679903187562
5 0.41173525137488354 0.722391365004834 0.2563491478560022 0.17746232123361572
1 0.81855449045767 0.3555144640324063 0.15570960068107875 0.08057524830535412
3 0.7210283124965022 0.6241478534978606 0.27518675737827014 0.1469464966315729
