8 0.6739200057736406 0.10885238508077011 0.297555438222908 0.08424231208935269
1 0.8283289326778038 0.22356842205018387 0.19641252259679787 0.09087669604175469
0 0.32332320949001203 0.2910406490010027 0.3522715736456639 0.1460148213809326
0 0.8137809104910315 0.3594207884608892 0.2476381858323975 0.13120272011159628
6 0.5425964501951243 0.3498321493178037 0.18614055287745507 0.09788542569444664
6 0.5345518257220147 0.4519373706266 0.1887168842325822 0.1015172810663269
2 0.7904637315850891 0.5258918431202456 0.3548399216544401 0.1892190662734548
4 0.20895618337279148 0.486696246647641 0.41791236674558296 0.2542600268838174
7 0.04965570488650999 0.5491070816275092 0.09931140977301998 0.061816178418723555
7 0.6871914892873361 0.5294695430481606 0.09570388985978184 0.045308955363455916
5 0.5044310052495478 0.6416007348173205 0.27240285012014626 0.18578004309719687
1 0.24804700455032314 0.18464346206539806 0.17165548289785607 0.08206357046770243
3 0.20805618951918792 0.48453103781970386 0.30233365053050587 0.15017199684570737
