8 0.25009037793204625 0.1710017038314079 0.3034255757854242 0.10224299113311106
1 0.11975834380420321 0.2976757781761295 0.2077887703077725 0.10271267101101342
0 0.6111034407163906 0.3345681056942098 0.36906475900141394 0.16726514687821892
0 0.1522179398973785 0.4334799273356498 0.2655173552790388 0.14610389169631977
6 0.41630996902040424 0.40748430575429384 0.19942334268879092 0.10908704620592785
6 0.44555923452512236 0.5109813969042781 0.202667853915303 0.11287097192624912
2 0.2099155120122132 0.6016096973810462 0.3807182199163913 0.21056931330356693
4 0.772434713108484 0.5266492446869786 0.455130573783032 0.2798545351808523
7 0.9437780790029471 0.5806570508864685 0.11244384199410573 0.06829794815687573
7 0.31199883716322296 0.599071940606618 0.10146580850790138 0.051074805425807224
5 0.5147835615401275 0.7023217778418562 0.30088742274941493 0.2021172673306295
1 0.6754933143756091 0.21167305481087145 0.18507878186124294 0.10165734759600883
3 0.7906466720837211 0.5251289754716105 0.344373189200499 0.1709627908479227
