8 0.8679470952310957 0.13448414606049167 0.2641058095378085 0.10244519468783936
1 0.9064748098446509 0.24310016048248612 0.18705038031069832 0.12748304820802683
2 0.7925869542655427 0.5406927198287894 0.38739219816367765 0.2100486706220518
7 0.6697358401495159 0.5368235891103402 0.104355644595855 0.06291405834863184
7 0.06600248233931744 0.5027245961370791 0.1087560311998742 0.06205419304385568
4 0.22923534104040696 0.4480326862121532 0.456537659747603 0.27983718798450713
0 0.3465889831460386 0.2768027484450385 0.388488829015339 0.19346362035657536
0 0.8591216829025323 0.3780715614240864 0.27764840487352627 0.14110324191288753
5 0.47972820368702734 0.64162429174133 0.3047195795969492 0.213268695567169
6 0.5645926273404465 0.4450954290886657 0.21215168676188234 0.12382867153316324
6 0.6161636790813412 0.34430242361834384 0.21369903106313537 0.12055472495191788
3 0.2295290139833563 0.45064732501700583 0.353500187225812 0.19987122059428397
