8 0.6447972077848074 0.1352895592891871 0.2845532244663932 0.08092890318862393
6 0.5289419302683357 0.3607604807208542 0.17855936982295723 0.09325848725756258
6 0.5200388073861725 0.4572161219345111 0.1810586164165413 0.09669759089076052
2 0.8625861148386895 0.36875361215352054 0.27482777032262096 0.14111636259545407
0 0.647939437042006 0.29973320035162465 0.20598342554473603 0.09606523182796706
4 0.26872141364388746 0.3879790075152888 0.33973696190065433 0.20305355064842473
7 0.12545755211338233 0.43366486922700875 0.08951871865726309 0.046642153998136815
0 0.3319706936651654 0.2323076167671196 0.31570152320659634 0.1260745530565966
1 0.3281385453547443 0.13837374807390562 0.15349880658453913 0.08246216060717873
1 0.6567051263100236 0.20132826809413823 0.18090043687171709 0.08247648101396632
5 0.484442576225237 0.6444692943868338 0.2644403093127943 0.19933889394197024
3 0.23757188745862934 0.38972765699006373 0.2532649679498171 0.12028891798839447
