8 0.5055808891173099 0.14341346256442775 0.25655194254985514 0.07641173692774787
1 0.3310789489104285 0.233079425044861 0.16941625443288374 0.08317436272344991
0 0.7400696224040014 0.33953156117296546 0.30381947671105936 0.13341982228191945
0 0.3053409886086792 0.3583685386565526 0.2136339283551677 0.12029737729257944
6 0.5378045904694906 0.3737105942960349 0.160579319999075 0.08974106353186423
6 0.516011908686977 0.4676198610400592 0.16280638626200572 0.09309663141154456
2 0.2784541269122171 0.5123833681974405 0.3061177419943951 0.17350526477848344
4 0.785565418144035 0.5286313389955637 0.36753250510698054 0.23344888767649286
7 0.9032473636472949 0.5997691064908768 0.0930243363775084 0.05673107401906097
7 0.36495516098040737 0.5248242613730203 0.08255172848210512 0.0414820466147795
5 0.48839156667232064 0.6434074966161671 0.23507990302317539 0.17080622211447294
1 0.782159589433219 0.19969460646597473 0.14806725704624812 0.07514232852689545
3 0.783522059709201 0.526377211467122 0.2607991694027034 0.13757699269330687
