8 0.6119722074705616 0.16371684439240958 0.2585131765327924 0.08916815653149283
1 0.7235007808518166 0.2515140099193758 0.1758628297600282 0.09270613636195332
0 0.26630493927620036 0.40832996674808575 0.3129019441625677 0.14998040676534813
0 0.7404945108053255 0.3841101090312999 0.22419028266221308 0.13283898682132933
6 0.5193313727531759 0.4030111581842428 0.1684068463576206 0.09914503626578725
6 0.5518453524141183 0.5066069103949252 0.1710748255518973 0.10270245556845797
2 0.7906271143048453 0.5441502575436616 0.3214219913306483 0.19151451255472235
4 0.29824779752722996 0.5809471329637635 0.38986487151740823 0.2559224505768736
7 0.1944356437591616 0.659948310853961 0.09830574011785112 0.062339451295499115
7 0.7081390657180072 0.5605405001661026 0.08584310974608522 0.04615890268854894
5 0.6060715245490409 0.6893914358720611 0.2527476840545357 0.1859084318335109
1 0.22282600464809088 0.30171826594444406 0.15408709349313895 0.08355588418850451
3 0.2892525539280216 0.5824536447743319 0.2859381362950694 0.1563915003594607
