8 0.6795057794202674 0.1361714574826629 0.25615542690818693 0.07718972862410473
1 0.7889112511153722 0.23786052414075098 0.16981626320851284 0.08325351380222826
0 0.354687919069747 0.2995972098392978 0.3042184068423418 0.13377085456671242
0 0.7736717215369209 0.3622847470888185 0.2144501851357884 0.12019241445021145
6 0.5414312466040693 0.35347009786427647 0.16117911038258587 0.08967121887351626
6 0.5324540208618365 0.44698639206909263 0.16345717317944686 0.092997773767659
2 0.7502916678562764 0.5147513016060605 0.3073102275627879 0.1733398486105845
4 0.24922056497892267 0.4787822313908672 0.36947270067999555 0.23291639136114456
7 0.11121479649542479 0.535924637789752 0.09346770102410834 0.05662759236936199
7 0.6617026278533436 0.51801570815219 0.08276593220519912 0.041507947443720716
5 0.5027695476944264 0.6206937599164626 0.23675559121532613 0.1701801665129522
1 0.292337213593454 0.20213995703803989 0.14846635475041528 0.07517898055983976
3 0.2519454070704712 0.47679951083325045 0.26160791242010006 0.1375721246707915
