8 0.6143655026470923 0.13509270492117456 0.2800076180458795 0.07942009777387961
1 0.7910260284043664 0.2400386039783042 0.1825391265619749 0.08899916577074724
0 0.3475204637651168 0.344759708408255 0.32849155827036824 0.1420190542538562
0 0.8194073290144424 0.3766721794833723 0.22906694701716324 0.12945090962089523
6 0.5612094897626314 0.3883883652465122 0.1722289523969328 0.09654145222646304
6 0.5786201862831706 0.49314965855141263 0.17446487092355062 0.10023899420277871
2 0.8370469907383445 0.54828222833213 0.3259060185233109 0.18675403091036874
4 0.276146545702036 0.5547219536147852 0.3921671198506018 0.25230446899168074
7 0.14092110218618464 0.6310108560930322 0.09942984225856419 0.06122710325766434
7 0.7416124143903233 0.5601161238048084 0.08887716188423456 0.04443217890568718
5 0.5966415896831018 0.6889497534310021 0.2492823395349107 0.1853876247115771
1 0.2128698118811177 0.21587498808814862 0.15969830218313852 0.08975870306265848
3 0.26636318689267835 0.5552771733134618 0.2891801668679569 0.1616142823479761
