8 0.6445801610696419 0.17846215475059485 0.26292268556528064 0.07658127336596396
1 0.7993761368342163 0.28696299665978003 0.1719984240245337 0.08527257022220261
0 0.35204601436546107 0.3635279153055898 0.3092318595532174 0.13622701285412336
0 0.7922896002718469 0.42007651153118064 0.2161244825572588 0.12387908357478877
6 0.5500918902955609 0.41639739058587577 0.1624852235667209 0.09239191694941501
6 0.547341956517249 0.5163834422349064 0.16463385279776582 0.0959124116120787
2 0.7787108546427524 0.583306718119785 0.3096303451054153 0.17870613847970157
4 0.2549623000587417 0.5572852068933005 0.37050151659136454 0.2412191667089955
7 0.11543425130096116 0.6216474020659848 0.09389277344099269 0.05855472738646983
7 0.6867904427678897 0.5889728742010503 0.08376258861079744 0.04256233632759232
5 0.5287017551787704 0.7024291071395475 0.23591168760126563 0.1770808570305209
1 0.28032294005065317 0.2610957445900939 0.15020233929990162 0.07712484214849852
3 0.25765700108518874 0.5551028422594999 0.26430042835878154 0.14138608449434503
