8 0.31299830194365064 0.24774982785278604 0.2829596126710805 0.05447215060374025
1 0.22868381884299166 0.3323107927057475 0.18688506737602772 0.08843154771752149
2 0.22679506515442813 0.5930171062115803 0.31636326660468533 0.14465043982200687
7 0.3451952394618363 0.6046213807290508 0.08207570560903849 0.04491054388599569
7 0.9336784284943094 0.6492606539929764 0.08728222170115363 0.043505992956879624
4 0.8026306674761763 0.5847048466327923 0.3567813456683603 0.20079416243924136
0 0.7663343035216218 0.4299635971911675 0.3257959767494307 0.1289291633665815
0 0.23499382249683845 0.4514603970718482 0.23143272712960433 0.09480800636721742
5 0.47967598645774534 0.7135501675671615 0.22497307205279338 0.15889352137306423
6 0.4853506417641845 0.5419416028390046 0.1688816208594935 0.08747681591924777
6 0.4806168188027131 0.452961144314312 0.17218908235771924 0.08419276702026118
3 0.8012036812846094 0.5868167584108765 0.2846109163753192 0.13969392155573457
