8 0.6058344156164059 0.19068723801794074 0.24827580433594243 0.07293744993099444
1 0.7408666636614447 0.2936581875292432 0.1629557404751597 0.08058391185764663
0 0.33395071443058766 0.3602917875586825 0.2927124736937714 0.1289167765036902
0 0.740466060923656 0.4159714857651625 0.20501826374905652 0.11689126852130899
6 0.5126546921600279 0.4112719860981919 0.15412405246131566 0.08718700827515069
6 0.5085457585014529 0.5047999735463454 0.15619734192220974 0.09048804225826723
2 0.725206508724439 0.568611518247083 0.2937379039848864 0.168614392733053
4 0.23284312189354325 0.5415477177704406 0.35190429504766 0.2273492419619163
7 0.10059112393399763 0.6010375445551652 0.089140390644743 0.05520855056657159
7 0.6386386070632295 0.5734352591328586 0.0793746939108474 0.040211160925870404
5 0.4881769936121518 0.678758800812266 0.22443007863009534 0.16671024850075966
1 0.25526311184662653 0.25609663102743085 0.1429477987472632 0.08130631402828839
3 0.22041995293809136 0.5411990049785396 0.26991160078152887 0.13424199168194356
