8 0.5876582724227921 0.23837354779424577 0.29513906689563874 0.07859309092198657
2 0.18777229534024276 0.4408301290772636 0.30444039160050484 0.13587797685698305
0 0.4439753891212072 0.3851331577237803 0.21313554163632042 0.09253183163501383
4 0.7999595223452405 0.5096201351822571 0.3509253288843007 0.19503287247402656
7 0.9301024944876397 0.5681594039629689 0.09256029696181678 0.04486603836267011
0 0.790166809280766 0.3574708216875843 0.32695160379800536 0.12169926563375455
5 0.4969710394075636 0.6485632180994828 0.29616297021603044 0.13903027862625983
7 0.18378573988679697 0.47979682506141863 0.0973919905918453 0.04441616991689462
6 0.5095213677687405 0.5451328214537235 0.1934270645852615 0.08126821914209392
6 0.24577091010397795 0.3370233422868377 0.15574552135472244 0.07115753995750751
3 0.8245365329390617 0.5165618877132071 0.2921316637840453 0.10015830764916434
