8 0.2963144980882567 0.22178255581066067 0.3071592034672105 0.10318996475752623
6 0.46907086725554203 0.44676453501843966 0.20282659955756738 0.10762565115567446
6 0.5007590178744704 0.5460229793992175 0.20617201498668813 0.111285855199945
2 0.1400275209853234 0.4804806897802689 0.2800550419706468 0.16467630834765562
0 0.33131598192926925 0.39236177094011293 0.2312442579619518 0.11253102324948466
4 0.7455901373756534 0.45568339901654087 0.3919891236097959 0.23062944700095
7 0.9049709219319443 0.4923964439622119 0.10165827491206314 0.053843922718184056
0 0.6436958206075851 0.2991094894199672 0.3493950513484445 0.1511125627814484
1 0.625817455964741 0.20151992822357717 0.1749043075117056 0.09483440587198802
1 0.2993169673219586 0.29107388167004533 0.20263643318331379 0.09691947780774796
5 0.5812899778927856 0.7373608096913309 0.31491192210724145 0.2211901380017538
3 0.7783394359105031 0.45518731538748697 0.2848399878832987 0.14055465278453216
