8 0.13213370333629776 0.21824122356817782 0.2642674066725955 0.09461483825600778
1 0.08845232046319566 0.31493830450772464 0.17690464092639133 0.11595803270616195
2 0.20377647547248148 0.5822376093396531 0.3652577847621786 0.1911503397455686
7 0.32031920703755745 0.5775032489043166 0.0982697461226325 0.05711691661335583
7 0.8933079689018733 0.5406828999360309 0.10248193403957973 0.05640448994508851
4 0.7394765651459243 0.49321200083895433 0.4298233402432726 0.2539626191056385
0 0.6311294276334171 0.340558725863747 0.3666264239544937 0.17642837021971147
0 0.14346479544138277 0.436799234117888 0.2619683335365491 0.12861184321065555
5 0.49868239210350673 0.6697241402890299 0.28637287138137074 0.19304335352440538
6 0.4215698257348892 0.49400642613568735 0.1998586337324222 0.11249772621454968
6 0.3743919457762264 0.40396914859338784 0.20139766048791719 0.10960713338800887
3 0.739153587820377 0.49556433186412896 0.33314250807573675 0.18171154442879828
