8 0.5778805763739825 0.10155211131511238 0.27817820741428956 0.09535135155303581
6 0.5677402853843712 0.34745924788313576 0.18246848368710045 0.10360567112689834
6 0.5265471727315129 0.4462966837535758 0.18541981990056916 0.10725476059281697
2 0.25241629761768425 0.30181785980001663 0.2983755503761668 0.1577849886975714
0 0.49104525408488414 0.2671902726798495 0.2083484230125051 0.10764993601641368
4 0.7897124888865701 0.4156657438975636 0.3519446076528182 0.22352284024648555
7 0.8962388606957495 0.48423222893300444 0.09145768654037845 0.05182618188883653
0 0.8118877507799187 0.2485034908269818 0.31538584861102326 0.14318376886734027
1 0.8633366552042192 0.15420599158517959 0.15728618298023878 0.09142713246623453
1 0.5333585268226027 0.16640506073491237 0.18262536438997484 0.09259276061098796
5 0.46317622190234964 0.6410384927340519 0.28163092188388156 0.21653228879920916
3 0.8170544837403844 0.4223053526579079 0.2565774998461786 0.13459913522688688
