8 0.7277025886817112 0.16351959618076123 0.27169812311904495 0.09837877556779039
1 0.839110400967485 0.2878508133338155 0.18737970075621657 0.1002487369243695
0 0.4000520927340902 0.33116794344454065 0.33220357409262957 0.16280423979915457
0 0.8051647372787002 0.42345523671008606 0.24003708934329349 0.14303825501539247
6 0.5708737000598709 0.4011273317479619 0.18025966919356384 0.10678091483022362
6 0.5409845643632053 0.5045327915948593 0.18327337225673185 0.11053852117498714
2 0.7475395791469647 0.591572874187378 0.34422608470287486 0.20617957266689058
4 0.24580674878848338 0.5245678733964945 0.41940293308966864 0.2746515828091228
7 0.09273641575729999 0.5806000397725832 0.1055796008143372 0.06697472400677973
7 0.656697452073767 0.5904177031645972 0.09153685851274285 0.04987676039405342
5 0.47223156754935225 0.6959071881979524 0.2734864712775815 0.19884706220663484
1 0.347245797304443 0.2097126381646735 0.16731039534904502 0.09951942514724446
3 0.23305556685813344 0.5232477687630874 0.3105783948834284 0.16688335357143247
