8 0.31689443796227873 0.25489331807281496 0.2839365581170634 0.09404824276247972
6 0.4748727002129769 0.4574418534512673 0.18712906647505995 0.0976392515078231
6 0.5033703594599641 0.5469570767760132 0.19019824227188598 0.10094617872461786
2 0.14966324141236584 0.48911265243908664 0.2993264828247317 0.14947675936621446
0 0.34786762066013993 0.40879576640532034 0.2134408790425828 0.10216314907627405
4 0.7306432995756165 0.464538434655033 0.3614435960362016 0.2090658424024434
7 0.8778037034508924 0.49713687172116516 0.09379145771745723 0.04884855370490476
0 0.6376628744743553 0.3235134230460499 0.3226691426997695 0.13733941543841716
1 0.6219286591519839 0.235457331515714 0.16134917568416185 0.08602021647257013
1 0.3190991309568762 0.3174491427339686 0.1870510891983301 0.08800329673936202
5 0.5762971082488338 0.7194458841241103 0.2900425517100281 0.20027453373255866
3 0.7609480926227163 0.46397719799737325 0.26289245031315356 0.12758952569235976
