8 0.5587783959374415 0.14010951492589788 0.2711276028396724 0.08443236511839985
1 0.665049079679924 0.2176870070442705 0.1985909960099096 0.10920655855552203
2 0.7637441370089787 0.483251239166292 0.3343005732082167 0.1797238230939749
7 0.6630202971759658 0.5071876636435407 0.08947685541918782 0.05414877615136415
7 0.1575418782893515 0.612868706882381 0.09356997283993049 0.05325019708105139
4 0.2497810125076092 0.5336615243842096 0.39102642719714686 0.24105738171107938
0 0.22439689027592669 0.3722106617371038 0.3368125364222452 0.16467120524921036
0 0.7037913711641206 0.339790323188785 0.24045741668957044 0.12025839732349092
5 0.5842484939274628 0.6319785770311328 0.25857957601004844 0.184889604974653
6 0.5153515600289738 0.45762545507094643 0.18227482121516736 0.1063928547445267
6 0.48643806187121 0.3664369754011926 0.1839849257531102 0.10338521000405648
3 0.25183294083760943 0.5356684323954987 0.30430620728759167 0.17142707880550428
