8 0.455742630878909 0.18864071333737914 0.2578213549246171 0.0731153001229636
6 0.5060271571303548 0.42332101320862503 0.15834046856603207 0.08919296626443901
6 0.4905048029690703 0.5204566821987303 0.16038371042098826 0.09261724351358985
2 0.19131760620405075 0.4037830980086171 0.26197366391221455 0.13416812560483227
0 0.41259188434173166 0.35277490336753853 0.1835931304468082 0.09114821358739611
4 0.7363763271898214 0.47139222777032763 0.29919025169543934 0.19582337220451024
7 0.8556728791640016 0.5285477513598527 0.07939129969194147 0.044601744391576825
0 0.7169062153177665 0.3107045266427577 0.28310086085631225 0.11812119381344632
1 0.7434104741690721 0.21711075133899588 0.13593172970330702 0.07901243457975027
1 0.4287170082762619 0.2537016439375685 0.16138997288310614 0.07812093390036104
5 0.477050026568532 0.7104981348755914 0.22953183896881524 0.19452533693414797
3 0.7643199478072635 0.4756375624426801 0.22555904929401205 0.11428609285971286
