8 0.5057843015690189 0.1456435660633299 0.2522628646056341 0.08579220261035687
6 0.48934297326154685 0.3977408796931558 0.16084108621010085 0.09973831981971382
6 0.5169664300064937 0.5009459884648275 0.16322014478342767 0.10344033405103376
2 0.7849391696806487 0.36701414198652427 0.26432129716602626 0.150780277144278
0 0.568494722162179 0.3195028267180924 0.18485406947556982 0.10261080578605669
4 0.27747402112009417 0.4562810397317033 0.3075594488959007 0.21744975983366938
7 0.17203768138415998 0.5210357714216309 0.0806291531869669 0.049881710809751956
0 0.27455645715573984 0.2841369433234119 0.2820500487480545 0.13439885164301027
1 0.23699837948854136 0.18505721081184023 0.13840456867220294 0.08821757073045403
1 0.5400425091104077 0.21424825161422964 0.16223079245002536 0.08807239275131923
5 0.554984050688571 0.7033924874093187 0.2418674745906872 0.21387676010470213
3 0.25156131705828 0.4616893006166535 0.22741571645848066 0.1285123308145572
