8 0.45961391187246525 0.13224919234404425 0.268989158580319 0.08726185182985595
2 0.8319845916451929 0.3694192816497513 0.28063639014296016 0.15322473453399732
0 0.6357825862638111 0.07094358035861466 0.19632052785582121 0.1042782169716604
4 0.28338376094276113 0.44160150330401715 0.3257081363198689 0.22091811858612093
7 0.16924714709299676 0.5074173990859121 0.08552864535563906 0.0506851253156152
0 0.2835992229601967 0.26685005605402623 0.2999862840631061 0.1366136526436256
5 0.5647050309878183 0.6046886919893886 0.2734021781775947 0.1569553336279118
7 0.8377907406712551 0.4142475214547383 0.08983181117212458 0.050110879493606875
6 0.5475168518652164 0.4856777212196408 0.17801033178344444 0.09151323741398071
6 0.7737579841288763 0.24946523424376857 0.14366302957905508 0.08028406875767641
3 0.2674327019923868 0.45151009033450473 0.2674256288129727 0.12549183316235873
