8 0.4406061963350048 0.15837682420383453 0.29061690271552465 0.08943617329677972
1 0.23925139018386835 0.2522539600363878 0.19417662166577326 0.09462251511080916
0 0.6895801746760128 0.37878767866619145 0.347133186943937 0.15258028356529046
0 0.20190794100704057 0.38876561408418375 0.24592409276206104 0.13607509304253523
6 0.46094845029014964 0.4112491677957077 0.1848032598903948 0.10154119425594033
6 0.4301597874504267 0.5135089642496702 0.1875124542776221 0.10524414347453936
2 0.16877592583984524 0.5566923581599633 0.3375518516796905 0.1962116449623285
4 0.7275820688836605 0.5868902032485491 0.424918315256375 0.26289827066238286
7 0.8543951691645119 0.6676382654130761 0.10738583866559526 0.06397980662158353
7 0.257250638940858 0.5724275034859407 0.09468277769019873 0.04714339721993077
5 0.3872653303764765 0.7052503010915638 0.2732727327230904 0.19151277349091778
1 0.8004641691719002 0.28210050079790505 0.16987703653267383 0.08536102108788396
3 0.7254496729461137 0.5843728156332761 0.2995757153556472 0.15603044183146675
