8 0.6099307052674876 0.15188845403542633 0.2801844916769943 0.08246139567777844
6 0.49971781774585844 0.39322971177541083 0.17500128477501958 0.0971188554979594
6 0.49273977237060995 0.4959156477400374 0.17740970319807653 0.10075761280858381
2 0.8391092758150583 0.3970084325513954 0.2886533496558812 0.1466200243674639
0 0.616134715272117 0.3267020216996491 0.20210029824152287 0.09973255698921346
4 0.24313812889656433 0.42574927306975285 0.3324746535986338 0.2121465898780705
7 0.10245738702719576 0.47629768372532416 0.08773706514391216 0.04856986702247268
0 0.30269296228107384 0.2593507054295283 0.3101568803866299 0.1302512058762562
1 0.2971363437889961 0.15952131137571865 0.15039601815735493 0.08593717524190843
1 0.6229402373436783 0.22194524842756402 0.17752651811747322 0.08556819721825218
5 0.4611008799189417 0.6955156926820625 0.25799370272219735 0.2092343725401905
3 0.2123959729931451 0.42803689110216736 0.24844872847216315 0.12494632784039228
