8 0.22153562545737626 0.24817702904220884 0.3019152205706175 0.09637641452219162
1 0.15996036092531868 0.3468886925373985 0.20636424670227707 0.09380856239267749
0 0.7694685534739493 0.3735575235971894 0.3667156179240689 0.15371710559083063
0 0.23296483125226752 0.46144347601084645 0.2635197707942549 0.1325057843556195
6 0.4884468259844068 0.42680118308371096 0.1979307621659187 0.09897073723418609
6 0.5243984156064079 0.5206869945927346 0.2011269886539649 0.10228974008022668
2 0.28861069808696727 0.6064611579581856 0.3778411087931842 0.19091070576430302
4 0.8121177112925992 0.524926708821599 0.3757645774148015 0.25238746831871495
7 0.982145203032707 0.5672041559293112 0.03570959393458595 0.0617081398803363
7 0.3903537119933529 0.6013373187830495 0.10075922865374626 0.04658947620314913
5 0.5912749521029507 0.6856230944461496 0.29818751068140875 0.18124496303141213
1 0.5212407355561073 0.13347867843429123 0.18088269172302834 0.08424558283108655
3 0.8492696803324074 0.5220350055832083 0.3014606393351852 0.16237347559556065
