8 0.6979251073891735 0.22260988475109894 0.2626604215095455 0.07666932304607965
1 0.8123370084334882 0.3241734473175787 0.17353667958281827 0.08299805442735536
0 0.36666654541224325 0.3872446282381946 0.31116708191343256 0.13327030051478922
0 0.7989087272153699 0.4488642477581215 0.21887060717509665 0.11991183506565167
6 0.5597886148776712 0.44068815028813657 0.16451372770271167 0.08945848299448772
6 0.5522443746971227 0.534397823416239 0.16680092166944616 0.09278777832631635
2 0.7776119662255866 0.6016707201487937 0.3136244135037183 0.17294085103889967
4 0.2613908499056537 0.5670488918891344 0.3766117481776229 0.23250510273182207
7 0.12042610458033776 0.6246828696911708 0.09531605321045977 0.05651714181405032
7 0.6865186138442023 0.6051906155571725 0.08456201986626932 0.04138603994001144
5 0.5248452527682239 0.7085010509953699 0.2409440260320262 0.16997502879669946
1 0.3007475821944156 0.2897878972292606 0.15167487825961914 0.07496231569895428
3 0.26415864824069013 0.5650549297332225 0.26716740731275224 0.1372045850138064
