8 0.6242017049713138 0.18503775638728734 0.27756787275095307 0.0833013792200174
1 0.7756291863733131 0.28799643724104107 0.18238830315144583 0.09203403275779048
0 0.32794889484792134 0.4030814183883897 0.32751853639943873 0.14723457790514494
0 0.800200727793635 0.4296331093255079 0.22956480288599845 0.13350019035738586
6 0.546978795009981 0.44410224662777653 0.17257276061835514 0.09957529551574013
6 0.568116045429663 0.5502951852114215 0.1749076729285498 0.10334535825852947
2 0.8252379408429615 0.6036856097953482 0.32891391854208063 0.19257257740506784
4 0.2733129475620984 0.615825631046286 0.39420608743434477 0.25965285279697486
7 0.14339331940132027 0.6946312284521293 0.09984075240775729 0.06305303654453387
7 0.7308289417994474 0.6166631975109702 0.08884623241906642 0.04592473568545408
5 0.593356879993375 0.7489157554625301 0.25154565931706424 0.19039768628099474
1 0.22863318048611672 0.29994386239161763 0.1593367474029353 0.08320822657299609
3 0.27559658666823783 0.6133079689316328 0.2805041708557091 0.15247219608607998
