8 0.7132843483003977 0.20523833026186233 0.26028758910879957 0.08706483151994351
6 0.5753274437606919 0.41479856670566884 0.17009244932715284 0.0943703998581335
6 0.5523802497395318 0.5060380359052653 0.172812782660832 0.09768749770659407
2 0.869766929826471 0.43581889458279893 0.26046614034705806 0.14375981851721542
0 0.690415554997079 0.36150571965308487 0.19438326507887715 0.09809039659642638
4 0.34023047663773753 0.4304650863884619 0.32770395998840623 0.20351771072790686
7 0.20600842403034703 0.468241605844967 0.08525610963707445 0.04720681528544263
0 0.42062876623371437 0.28512408504270526 0.2945547854452679 0.13054267108585696
1 0.43188462876541833 0.19578098825556764 0.14658504163306613 0.08327022468670331
1 0.7135449539353509 0.2684099608025471 0.1704119408635315 0.08437693462505
5 0.4915865425691053 0.682448575789973 0.26164534294832054 0.19703824122480074
3 0.31232386360895115 0.43090709335879523 0.2393479086755867 0.12263885469608682
