8 0.6327687934062833 0.20910326863941936 0.24928845033966585 0.07162752740072703
1 0.7643847906071433 0.3074559704909159 0.16141238527440482 0.08174631372923524
0 0.3486128643831423 0.40456069999044864 0.2910089557574726 0.13002595166770653
0 0.7778008512420747 0.4389347089519273 0.20202983011067255 0.11931232077820947
6 0.5458451873880984 0.44704717436553787 0.15192383990453445 0.08896458985008188
6 0.5583807117153416 0.5456806024742463 0.1538238804115174 0.09242109714045998
2 0.7895813818550939 0.6003971898877012 0.2893793342776275 0.17215357832889489
4 0.2852414633249643 0.6001432594273051 0.34497182120577313 0.23315608603083654
7 0.16169568759230138 0.6703105078051865 0.08754504961435222 0.05653228634135499
7 0.7026191177511307 0.6104336086599789 0.07855818627989852 0.04083665904184364
5 0.5687854377324332 0.7298647612146976 0.21854299614254774 0.17175607906437718
1 0.26455424969242536 0.30712646951674905 0.14083182603630104 0.0740238569530896
3 0.2874850488331785 0.5978627414306645 0.24754288207374237 0.13588341921069824
