8 0.604756163574638 0.1459562366717928 0.29320899735757194 0.09050010202038257
1 0.7169970389727709 0.23694638261414386 0.21270809846518302 0.1211370929385285
2 0.8135221654517308 0.5418926869668396 0.35824325982440997 0.19915755298234455
7 0.7032543305445875 0.5666775812434006 0.09562270909027026 0.06030575519815928
7 0.15045553264703165 0.6746070775762956 0.10014355242498552 0.059155280957376544
4 0.25371844503725083 0.5866520874020587 0.41769275167262576 0.2686628061844527
0 0.2326057741036183 0.40211177384596897 0.36164742385395104 0.18165830818368162
0 0.7541756549913591 0.3769935783737087 0.25807047306757624 0.13281200341936344
5 0.6127900586793045 0.7068905866886528 0.2751070457812527 0.20717232176535005
6 0.5449681319274547 0.5065805946585824 0.1949646303637556 0.11831661368063773
6 0.5172240965338144 0.4019918601639687 0.19696774123494692 0.11478768139914636
3 0.2558653575374464 0.5889887953064199 0.3257607394797338 0.19035453692901672
