8 0.38753231651909925 0.25229813205525903 0.2515128980602363 0.06928706359431461
6 0.47929578172940984 0.4610067036181056 0.1555773890749258 0.08267246870999045
6 0.48224041453504485 0.5495363112120464 0.15764201488997998 0.08579859454890804
2 0.17223074268269625 0.46195198579935304 0.2570659139564316 0.12464158317384383
0 0.37619078147622975 0.40288870321431663 0.18008153565138624 0.08474285860205599
4 0.7102770538276009 0.4907749853549709 0.2946540299948691 0.18093357823563078
7 0.8358497968361489 0.5352892104684533 0.0780029098809748 0.04134361964100974
0 0.6618712812256917 0.3469877053187591 0.27712320765041254 0.11035563566889728
1 0.6701692118251101 0.26100485563388437 0.13362096640819254 0.07318481823103631
1 0.3734700760920847 0.31257587709463336 0.15825277462425685 0.07267888846299331
5 0.5043109574485019 0.7217424711971565 0.22716312235130276 0.17893238348996432
3 0.7380048568656763 0.4929554817951274 0.22130255700955093 0.1061997793257321
