8 0.6610924233855866 0.18738875988736817 0.28682270799060106 0.05904507790982766
1 0.7494636808682532 0.27209869061565367 0.1916624242086482 0.09223530850553155
2 0.7624259787652634 0.5366927120470938 0.32423625129493094 0.15101412421673016
7 0.6438604196722273 0.5500441602612447 0.08443153849663465 0.046671786622221045
7 0.05400196484255817 0.603171723164075 0.08960700523876707 0.04531542808906697
4 0.18333380632001692 0.5359059904970662 0.36666761264003384 0.2085334293502819
0 0.2129699595902608 0.37836009614182564 0.33305355005958287 0.13518334254715197
0 0.7481747234072814 0.39312037927418914 0.2367249396235509 0.09929885349019718
5 0.5132549045099308 0.6623944513805521 0.23294934007909307 0.16425577634329036
6 0.5002665420215392 0.4882856965587614 0.17351971387594617 0.09102712891828912
6 0.5012507716481451 0.3979068868926189 0.17670598298734724 0.08773796913102044
3 0.1845629502788768 0.5380306404213735 0.29209949241772154 0.14556172282078622
