8 0.1730518487212993 0.1996070079311873 0.3053529334615718 0.10122188178724253
1 0.1338358560515741 0.30767433101617425 0.22838464089919722 0.12653400234263054
2 0.2661138593129011 0.6045584615342692 0.38404402497987933 0.20845568350417942
7 0.3882478552014833 0.6011092314594617 0.10339392305368533 0.062480922855806975
7 0.9673440816731497 0.5691323359287539 0.06531183665370066 0.0616050216241808
4 0.8003262074013953 0.5141147595197847 0.3993475851972096 0.2779393802071291
0 0.7115720986304805 0.34316274940791314 0.385293421201811 0.1918770236411693
0 0.2013280812755636 0.4423492919103813 0.2753378914078158 0.13996751986006978
5 0.5762312721637848 0.7061293251058701 0.30163218975757433 0.21198518132961208
6 0.4935076576680143 0.5100836637543358 0.2102350383051823 0.12295070973391092
6 0.4430835977460349 0.4095119586824742 0.2118078214578622 0.11967300559215865
3 0.8256493219364032 0.516718279814899 0.34870135612719355 0.1984123937454772
