8 0.2567862133098189 0.17501514278369235 0.2809414724755313 0.08791674316228573
1 0.1911564790718544 0.2747634911583708 0.1895316022411151 0.09037040815284636
0 0.7601464411357848 0.33256247615311174 0.3379639735727743 0.14651782234563954
0 0.25036019386160924 0.3976390052331502 0.24088855585203373 0.12918247149293943
6 0.4925401631297893 0.3741557783070814 0.18098196198396171 0.0964280173075216
6 0.51868461471793 0.47368441719100723 0.1837506891961752 0.09985036877676279
2 0.2908505789491389 0.5513783347804937 0.345309628385244 0.18622291991260587
4 0.8090598287203643 0.4943257967026614 0.3818803425592713 0.2484096463930116
7 0.9643133881593026 0.5466428971878039 0.07137322368139487 0.06054662375762543
7 0.3865994124139027 0.5510560801806722 0.09247023038392271 0.044976776135021046
5 0.5680981579275678 0.6487168590614709 0.26978075460616274 0.18011173059872443
1 0.546837332680489 0.07035352034521855 0.16594793597906504 0.08140151486507728
3 0.8425924098411306 0.49222438293300574 0.3148151803177387 0.156963151540433
