8 0.542108830447335 0.11945066503028323 0.310554739051635 0.10379335578284449
1 0.32360476592463694 0.19227163177050827 0.21389387580117983 0.10046641031165374
0 0.7682159721123081 0.3457504879328151 0.37934099079679284 0.1648100891193629
0 0.26058161032940885 0.31599503655958094 0.27387426372112483 0.14173059783365757
6 0.5252825188189597 0.357589413839262 0.2056757705032632 0.10586792475316875
6 0.47515241162907385 0.4500444169098553 0.20909715740541052 0.10939620381200599
2 0.19248692423261532 0.46861853495596495 0.38497384846523064 0.20418981628508864
4 0.7657285535076955 0.5419532024269389 0.46854289298460894 0.2696828603934184
7 0.8877875227139471 0.627050050674205 0.12042728568289784 0.0659589423415805
7 0.28531259286290334 0.49089915246046745 0.10448137980141303 0.049884954872568776
5 0.39654521620072897 0.6245883055213893 0.31172474990423493 0.19346341423803803
1 0.9004369997955208 0.26487619381791694 0.18760006593191447 0.09019621696527277
3 0.768847127987325 0.5394459385937826 0.33183848695030316 0.16396612169053332
