8 0.20873127870295027 0.11688857755033895 0.27761790717657664 0.10491401436157435
1 0.10593456319585173 0.2454811982498121 0.1942097857702842 0.10458929104324804
0 0.5526630342696546 0.2788892590249681 0.34304692534260767 0.1705762862180295
0 0.15079130167372368 0.382026954801026 0.250026076022278 0.1485234520325142
6 0.3856300272579587 0.3538246765014835 0.1877071051150248 0.11090337574618009
6 0.4238785691780374 0.4578524891608368 0.19101259614837585 0.1147197696515273
2 0.22209550164382535 0.5509410976428097 0.35864029022996624 0.21404021683062563
4 0.723504115431121 0.47110841015303495 0.43895304719078043 0.28410843871017494
7 0.8824417522521737 0.524214366861722 0.11031752658699068 0.06936651017744894
7 0.31373527321323025 0.5476050971191027 0.0949500998108011 0.05199251644011993
5 0.5082337729882092 0.6500583227901202 0.28790961461780906 0.20491221707879415
1 0.6059611373657441 0.1335676934055126 0.1741360706168722 0.10306904630679398
3 0.7324593827872852 0.47014747237274523 0.3149970128713022 0.18574196656585545
