8 0.5297893202964712 0.12658533952485926 0.2908092407300116 0.07854026216815581
1 0.7241029737237045 0.2252531529133443 0.18989181167148872 0.08709430798532358
0 0.24821201441059837 0.3335329513414381 0.3415716405406455 0.13923992076917885
0 0.7455189086621152 0.3599846338288063 0.23844222045586405 0.12642512240895415
6 0.4779497486672529 0.3730951676141594 0.17927136253189063 0.09429466676281756
6 0.4968699379445026 0.47411783160507204 0.18161912960912124 0.09787562636357999
2 0.7663954332627543 0.525538404789893 0.3415915836161987 0.1823726218375673
4 0.1940264268549324 0.535671457116995 0.3880528537098648 0.24602696359744464
7 0.04801814186719834 0.6102682963808193 0.09603628373439668 0.059733573067225154
7 0.666396249124337 0.537636407806049 0.09246632124223231 0.04346540987196712
5 0.5171801403141916 0.6630315426877851 0.2598569076474317 0.1805028790874431
1 0.1467287552158636 0.23521567372844943 0.16580182546146577 0.07875654938497903
3 0.1863047127936772 0.5332834866839611 0.2916933689931794 0.14434443951925152
