8 0.23522915232129557 0.17329663230151465 0.29713685448124544 0.07309635311837659
1 0.16568274227114418 0.2669951447465788 0.20589148842950705 0.10337079135394717
2 0.21312069190544825 0.540923810051395 0.34760969179112267 0.16968597744084946
7 0.33545928038713596 0.5462528526284346 0.09153938431430686 0.05177703049789706
7 0.9410494229864795 0.5590466556368959 0.09656430799172311 0.050594098040878555
4 0.7958529188222155 0.4988354105442776 0.39894351444270826 0.2309227678583095
0 0.7297284863866527 0.3384136687873214 0.35429111842249406 0.15370339129110072
0 0.19464185355670982 0.39177216677371285 0.2522668268680246 0.11256871275455355
5 0.49253954615736917 0.6528700652331094 0.2574931079778016 0.17951527756423313
6 0.465810340827564 0.4723012469214971 0.18744762641028695 0.10135739947384348
6 0.44416193607543264 0.37911950252683596 0.19020004022278147 0.09809382085108787
3 0.7948047498764137 0.5011362117493754 0.3144789655280501 0.1626976957027788
