8 0.4063451517232739 0.10602238986862544 0.2545134498337414 0.07751965770998892
1 0.26114887308604307 0.21419297415601674 0.16764303803865055 0.08529645206877448
0 0.6933586225095888 0.2858513312573319 0.3008449815550889 0.13655647598584952
0 0.2722631128854888 0.3452471159282985 0.21119667390703326 0.12362847998021953
6 0.5048140187631555 0.3395895164074729 0.15875623515960813 0.09221595441827346
6 0.5106905289412909 0.43805030857143523 0.1609304597381998 0.09569556631742188
2 0.29058849920594854 0.5059109675596196 0.3026106266355793 0.1783264640861652
4 0.7928915828665029 0.4758824389884757 0.36299366204097194 0.24030559331991475
7 0.9290129985257713 0.5381060436358209 0.09190628887112229 0.05836640517740643
7 0.3790761848459009 0.5107201336045508 0.08167524249815517 0.0425566079860038
5 0.5346163973546316 0.621144342278154 0.23189626309481864 0.17610518770561812
1 0.6940663320389021 0.13834886371240043 0.14648551972264423 0.07710109818379962
3 0.7902322774912317 0.47375548961204617 0.25794496231959774 0.14124913956925617
