8 0.2932869791984558 0.17044299840927124 0.27083301544189453 0.06380200386047363
0 0.2150459885597229 0.3979170024394989 0.21898102760314941 0.10520797967910767
5 0.4712960124015808 0.6802080273628235 0.2046300172805786 0.1656249761581421
0 0.7391200065612793 0.36796900629997253 0.3291670083999634 0.13281196355819702
4 0.766666978597641 0.5490890145301819 0.3509259819984436 0.2226560115814209
6 0.4664350152015686 0.39869800209999084 0.15786993503570557 0.08802098035812378
6 0.45833301544189453 0.4966149777173996 0.1731480360031128 0.09583297371864319
2 0.21365702152252197 0.5613279789686203 0.33009302616119385 0.18828096985816956
7 0.9043979942798615 0.6084640026092529 0.1069440245628357 0.047134995460510254
7 0.32291698455810547 0.5606769919395447 0.08009302616119385 0.0447920560836792
3 0.7837960124015808 0.5462239980697632 0.25 0.14921903610229492
