8 0.4759853313366611 0.17250454671754364 0.2628003788559364 0.0971997989183263
6 0.5041521443998245 0.4181940885937839 0.17573727552151502 0.10456051888209128
6 0.5501239758282122 0.5166402834857439 0.17874098123305138 0.10821266797791268
2 0.7950499045131698 0.3699969700677753 0.28641782929434967 0.15941935392079204
0 0.5696461067711756 0.3373413528917045 0.1997920747040423 0.1088070319887463
4 0.30211836021829785 0.4881799384487413 0.34089736945293475 0.22521591023975512
7 0.20788562147184375 0.5575807376707727 0.08807535900253716 0.05230542211381983
0 0.26870464113473513 0.3212906779303994 0.30081800097923694 0.14505936190277582
1 0.21350385022679635 0.2274658687861392 0.15165717586404903 0.09223689835600907
1 0.5224804486617637 0.23695761419947692 0.17498102751591066 0.09361808322534551
5 0.624092978643163 0.7107568463793847 0.2758690699549831 0.2176507787514671
3 0.2770983353898765 0.4950396892380827 0.2462063609246624 0.13601133502270352
