8 0.7460499399600744 0.2300174649583356 0.288664526193675 0.08789606220048013
1 0.8092635652754823 0.332979918661675 0.20844450284309857 0.11857506756545749
2 0.7094744638833838 0.6361893505320118 0.351147222225326 0.19490155082871152
7 0.5924228598991814 0.6388652079131381 0.09360409964455663 0.05908306426977861
7 0.032090635709047396 0.6371224200012149 0.06418127141809479 0.057923316586142914
4 0.18344250571877457 0.5744950914421271 0.36688501143754915 0.2632583859915862
0 0.25043390930121373 0.39923770896195665 0.35482186031761836 0.17759705328914283
0 0.7503887410195311 0.47211832524512487 0.2531443393527668 0.12987532189091056
5 0.42650426886338955 0.7523797815801105 0.26871275042002435 0.20324624365749622
6 0.4801766422337305 0.5538630942551059 0.1909297591535809 0.11587995688130565
6 0.5153358814442149 0.45162511587238796 0.19297408917488057 0.1123835333003021
3 0.16312843714029815 0.5770609499419965 0.3191468430560303 0.18637218662333355
