8 0.34011430716352303 0.1383766061423622 0.2739239590982532 0.07668392487200745
1 0.2335035687977587 0.22418658605146585 0.18062840254426293 0.08281452018586508
0 0.7578600924410345 0.3567915437175594 0.32405147242152066 0.13303410054953702
0 0.2374056050129319 0.3490145190156453 0.22765012802857595 0.11958937894939159
6 0.4814319341675676 0.3597703810598897 0.1711201018018898 0.08922018459911579
6 0.4635327399876065 0.45790248627417895 0.17347659709164043 0.0925336542021093
2 0.20985926502175462 0.5006110943430249 0.32619269643376547 0.17247212750557028
4 0.7522466021334278 0.5196050100694571 0.39143553859758384 0.23179393019004785
7 0.8786415116159676 0.5903914597612587 0.09909301120137493 0.056351054615271345
7 0.3024531437747807 0.5133784908027105 0.08800752297038766 0.04129097844613244
5 0.435372303459716 0.6309480554481279 0.2501981600612531 0.16939326722045212
1 0.6655540799935896 0.07854107136466426 0.15784707033490353 0.07478743622411696
3 0.7700845812456607 0.5200020386529146 0.30295355742382146 0.14426549192759347
