8 0.707755058047508 0.18353870853314902 0.26363648686211516 0.07545460479941207
1 0.8057733767950437 0.27972027128209154 0.17157625813433508 0.08500701291808008
0 0.285278330127389 0.40762824539672116 0.30890465585572036 0.1355205982722642
0 0.793326353753685 0.4148542483299361 0.21517112485612944 0.12376964689881348
6 0.5546248645058165 0.4191692697189189 0.16178723739427758 0.09229975684424502
6 0.5652850345744853 0.5260339225157113 0.16386852593114332 0.09584978289811608
2 0.8096922765795854 0.5799379011760002 0.30823340278444555 0.17856585460385144
4 0.27948039688660814 0.5842058022111734 0.36813783848465165 0.24141831664478774
7 0.15132855043193005 0.6571018021623642 0.09335886265061746 0.05857067769042412
7 0.7185175146173561 0.5909866844171643 0.08353083565515951 0.042446882993743884
5 0.580764845959987 0.7143760737951448 0.2338129393804162 0.17752249702533474
1 0.3945522370794494 0.10891933062830565 0.14976647741917742 0.07692855270955387
3 0.2620585881804894 0.5840995149660829 0.2873935757401048 0.14844261640604817
