8 0.777581927168076 0.21358484127627891 0.31348057550559383 0.0781747355510618
1 0.8496862577991879 0.312771680620895 0.2178765135845362 0.10977004837869836
2 0.7963567504611411 0.6018481132957078 0.3677836279138641 0.18022570331753895
7 0.6674300145561405 0.6070373164004363 0.09694078497083669 0.05494002086749861
7 0.040250211825277424 0.6183792188623152 0.08050042365055485 0.05371080639164816
4 0.1971731967351521 0.5553207170731509 0.3943463934703042 0.24499551656303986
0 0.25469058899247954 0.3861651599445709 0.374611846364663 0.16339432002417797
0 0.817651570552707 0.4444223429024129 0.26677500214876604 0.11963980398515739
5 0.5006660269475502 0.7190541856464747 0.27311094719822276 0.1902630016332244
6 0.5310367421646115 0.5284839826430898 0.19844973568251117 0.10757931674384458
6 0.5549831085887016 0.4301691775925042 0.20130423120220098 0.10414748708582267
3 0.1841473794396082 0.5577539261545301 0.3328451609871576 0.17273466649841512
