8 0.6040307783857437 0.20376328427504387 0.2539843692609229 0.07119290155657593
6 0.5612421121482635 0.42381170126982537 0.15720221654035038 0.08505931878486589
6 0.5790949104072245 0.5144768086171794 0.1592932708178687 0.08827867928324296
2 0.8687287326147792 0.40195105523907615 0.2597217768579547 0.1282225566578436
0 0.6507597432837267 0.356770936747461 0.18193583509527922 0.08717339407099922
4 0.3371046287992651 0.47139497373357764 0.29779003615360256 0.1861931210008701
7 0.22190857017683874 0.5262076421619195 0.07881728322835102 0.04253710075513617
0 0.35176015111689857 0.32089644459896965 0.27992839079597553 0.11348751205637209
1 0.3232558472921482 0.23366897197326403 0.13502171804089597 0.07530095030738648
1 0.6322639329497902 0.2643006510956251 0.15987798155265187 0.07476044107460925
5 0.597468503001658 0.6920517766778169 0.22967596663182238 0.18418389841737204
3 0.3098710961647479 0.47568388724974453 0.22358622031421158 0.10924914115741219
