8 0.5382246333185752 0.22158007573790287 0.2672890271024689 0.08897806808051717
6 0.532281615224501 0.4488192795456529 0.17463971192361671 0.09620899211036021
6 0.4941436434064127 0.5400175200636906 0.1774314481776647 0.09958387926386764
2 0.22787066600699946 0.4054805254667847 0.2857681898100567 0.14660097613447243
0 0.457165459060931 0.37435075791647116 0.1995872420523664 0.10003838310222568
4 0.7471325393916637 0.5126714987065891 0.33644867070243745 0.20740068970785613
7 0.8507985094773954 0.5764334506292899 0.08753544368964983 0.04812689354069333
0 0.7658912959005271 0.3582552871703589 0.3024540356987099 0.13321040803715606
1 0.813977625280526 0.271290598114135 0.15050242835152972 0.08488520973539185
1 0.49635201722870514 0.28135641576909914 0.17497537213517195 0.08605931049622573
5 0.4361364750128047 0.7197728274792368 0.268601469749777 0.20068082875703397
3 0.7735699573607171 0.5189082460159506 0.24575433404444713 0.12506662728492912
