8 0.2689477233624451 0.14473415932838227 0.2862687260624953 0.08863704949649398
6 0.40669306477546324 0.3645282660659154 0.18411514256987627 0.09723895426852808
6 0.42545890503277795 0.45986369209911415 0.18691720696251446 0.10069074905024472
2 0.10970567493758826 0.3835009572342057 0.21941134987517652 0.14793002158803858
0 0.28284453737492976 0.30785750415213237 0.21117802729194365 0.10088925482863409
4 0.6665389871862272 0.3831383308499571 0.3530090313786282 0.21011052587879042
7 0.8127705115835876 0.42381945450779784 0.09229226091009668 0.04863997507780882
0 0.5879710498365469 0.23084771158046496 0.3214315236029844 0.1338947844683912
1 0.5820451622209231 0.13760247205463214 0.1585166086777483 0.08583775409996974
1 0.2640129398695612 0.21058521261053653 0.18526309259750323 0.08675119731096462
5 0.47997760929032407 0.6443529105042474 0.2791250442686199 0.2039992854394138
3 0.6974876044478496 0.3838695588670854 0.25988114250118577 0.126176442985725
