8 0.4953849278343643 0.13242692462692573 0.26672690364466084 0.08934358008953298
6 0.49563865670715973 0.37089205452937446 0.17324757794409174 0.09877974594396044
6 0.5315414646529977 0.46722902393193194 0.17596758380600602 0.10230823525661614
2 0.8015457969532562 0.3308254664213335 0.2837816501043855 0.1501443276332225
0 0.5727229516040192 0.2941099812088432 0.19826308752263583 0.10236913496919406
4 0.2788977767236977 0.434062678019749 0.3331730215364045 0.2137039300543916
7 0.173493694893763 0.4991084211776951 0.08684023142045716 0.04940953948151472
0 0.26398524152413644 0.2717573063672659 0.3009424011928361 0.13561620787862955
1 0.21801456852822568 0.17968481855893864 0.14924955688327107 0.08722152405898975
1 0.5358151916020105 0.19587043400987458 0.17385873076734398 0.08800201903414118
5 0.5851199145726556 0.6568088801580023 0.2650414293018448 0.20786305830645058
3 0.25226841302419295 0.44013626294758595 0.24407300480938657 0.12805214991654446
