8 0.2614438725389682 0.212414913648453 0.28262198955244405 0.10235881591407126
1 0.1400271096488539 0.33864117302624575 0.1959706174540052 0.10241310035827444
0 0.6130059845544973 0.37478810695548426 0.3469473366698291 0.16690883909213267
0 0.18880598065439735 0.47476767776456896 0.2515191576438779 0.14554894581704275
6 0.43076344085575025 0.4479549947993483 0.1888615334289836 0.10867774826050142
6 0.46482022594140426 0.5504488812676525 0.19208343053928606 0.11243173235584064
2 0.2535282722203792 0.6412276510448822 0.36072641040664616 0.20976113545620645
4 0.7711026811963653 0.5646798242389932 0.4402717462858302 0.2785953032269631
7 0.9313016640630497 0.6175563320610291 0.11076246401897172 0.06800631227694798
7 0.347568124864139 0.6383096215223016 0.09576311050880482 0.05091787233256173
5 0.5417644667591661 0.7398749203667122 0.2877391522300566 0.2010648353746356
1 0.6529367700418939 0.2626983814116647 0.1719745144448559 0.09211425196398171
3 0.7677147343869002 0.5626932661607077 0.3043997482824128 0.16780663161784865
