8 0.5639944027478918 0.20320210436998537 0.2625692374701839 0.06977424266904608
6 0.47634673073691125 0.4243891997386392 0.1606938852255418 0.08524169587594754
6 0.47704492991248615 0.5177212036890897 0.16273859317585027 0.08851749246472318
2 0.7996420609689575 0.4211972929425215 0.26603754259070556 0.1282054829292686
0 0.582394501108368 0.3617386417120694 0.18647767844799817 0.08709296516607862
4 0.23446431459060196 0.4589091314448773 0.3032904446730893 0.1871869574689346
7 0.10418059615361758 0.5075305684808253 0.08057278668739426 0.04262570686764422
0 0.2792535040933034 0.3067269620128828 0.28783372706310406 0.1128298930023447
1 0.2668292696721114 0.21623204964956644 0.13792104087968876 0.07551561907218388
1 0.58138407954675 0.2665305498168999 0.16395112702675674 0.07464206118072284
5 0.46119867463597897 0.6994917927328286 0.23211484709613212 0.18600010536179545
3 0.20536812832367846 0.4615850997580665 0.22907364068745206 0.10920511964306728
