8 0.4728946907977777 0.15603260582154205 0.27484673955064176 0.0933104879972673
1 0.30793748624180556 0.2331001334398253 0.18879877295197575 0.0929259599000512
0 0.7042963981496857 0.369228263272818 0.33506603721242234 0.15158488418545585
0 0.2539727935368987 0.3540057307700911 0.24151549869118477 0.1319309044684946
6 0.4891873113973324 0.3870760554690887 0.1813846437038354 0.09851479077109482
6 0.4461716593264595 0.47750581715578644 0.18437138124595087 0.10190121309551531
2 0.1925127010274585 0.5030004034348827 0.34632170334032397 0.19012640846445966
4 0.709411407819613 0.5582502345588872 0.421411828612477 0.25232319455393554
7 0.8145519055108152 0.6371547332533471 0.10613564833410483 0.06160962897469291
7 0.2785571240019141 0.5219097591534558 0.09220909105356653 0.046192694897923936
5 0.37917134311992134 0.6478013971324246 0.27433780928885965 0.18195396083265747
1 0.8202383283844449 0.2877835117584807 0.1655539023583219 0.0835597105996847
3 0.7078098554792134 0.5558806733742383 0.2927653957790296 0.15217817720446958
