8 0.53405042181606 0.17497358389421136 0.27835466516199114 0.06812785745749081
1 0.7169882214186084 0.26811391772042403 0.17988064456388542 0.07740949057808655
0 0.25072422285554624 0.36071743132135226 0.32447787785791526 0.12322320126824077
0 0.7306966043892401 0.3918959956136956 0.22497630254568057 0.11288909257470414
6 0.4710293132055037 0.4001806065574077 0.1691868219810822 0.08417871236925073
6 0.4840784833016968 0.49303324404422855 0.17127944217786384 0.0874381304120943
2 0.7422768353666568 0.54391964195093 0.3222344395634995 0.162879699681017
4 0.18489589592658034 0.5450823630222539 0.3697917918531607 0.22046528374464136
7 0.04381092111739221 0.6115053847728085 0.08762184223478442 0.05346606908993634
7 0.6448557598557285 0.5536131029056872 0.08753608790663481 0.03866440323113174
5 0.49389335252195954 0.6664587279723015 0.24294026681294262 0.1623082279267073
1 0.15762006841864534 0.26919293645649794 0.15691845924302286 0.0700818796589899
3 0.18039488346544896 0.5429284616610879 0.27576126402830037 0.12861667879776661
