8 0.4789029439237742 0.07703297023493774 0.2597592598375282 0.09343330337359747
1 0.6329251261338826 0.17128622978371294 0.17740834118809123 0.09758765238500007
0 0.2524479041983504 0.3043719585813188 0.3153258897983077 0.15774111096771254
0 0.6802171865102236 0.30920633080579335 0.22647966503232075 0.13996754451517576
6 0.4559707801043329 0.3347909138325386 0.17011260991281163 0.10446020302132997
6 0.49385993826044056 0.4380753106736853 0.1728508931399816 0.10822464254902814
2 0.7337124747064923 0.47892351094984087 0.32472743057036746 0.20180041775492907
4 0.24148052714977603 0.5156485892907775 0.3943886549140214 0.2698584359511238
7 0.13916865251931443 0.5988407101452894 0.09939869024633291 0.06571800727006716
7 0.6514599938117447 0.4959054343693608 0.0866172564513934 0.048597714523835545
5 0.5519229244636842 0.6318983199475428 0.2561158311966516 0.1961784730082453
1 0.14507404929186513 0.20760070667026154 0.1554919298055376 0.08797687713271862
3 0.2430767545061774 0.5130747090318316 0.2748148383784857 0.16068990224581503
