8 0.34324848635570826 0.14823265029391514 0.2738884742007484 0.08575839925581766
1 0.20174386998263918 0.25999830762039394 0.18403908186714973 0.08950128678570801
0 0.6642768133348921 0.3114488772836226 0.3285157913875154 0.14469163023624115
0 0.22719809001608074 0.38741250804715477 0.23356905203925732 0.12834855589324262
6 0.471424398089457 0.3719497886508901 0.1754975809727597 0.09578956091289165
6 0.4879440105210998 0.46778164656681187 0.17813638291584893 0.09923900204227959
2 0.263351329001178 0.5434130973036451 0.3347926066478596 0.185047209146468
4 0.78900402897363 0.49263584794796245 0.40439913498790714 0.2474253407553489
7 0.9388371860323491 0.5475375247264462 0.10212685191532844 0.06025743863223687
7 0.35701223572681157 0.5443232059025482 0.08976954330987996 0.04456948821515738
5 0.5323471645140885 0.6454313309866657 0.26074552928895833 0.17984745604126295
1 0.7226732747436941 0.20960042701110546 0.16108504723479533 0.08068356664018922
3 0.7859812066335647 0.4906739493257464 0.28423509242467093 0.1473617783565857
