8 0.6092590093612671 0.1630209982395172 0.26481497287750244 0.06666699051856995
1 0.7666670083999634 0.2638019919395447 0.16944396495819092 0.078125
0 0.3134259879589081 0.3527339994907379 0.3064810037612915 0.12369799613952637
0 0.7736110091209412 0.39375001192092896 0.2111109495162964 0.11458301544189453
6 0.5233799666166306 0.3979170024394989 0.15879598259925842 0.08541697263717651
6 0.53125 0.4954429864883423 0.16064798831939697 0.08880198001861572
2 0.7770829796791077 0.553255021572113 0.30231499671936035 0.16536498069763184
4 0.23402798920869827 0.5446609854698181 0.35879598557949066 0.22474002838134766
7 0.09699099883437157 0.6118490099906921 0.09120399504899979 0.05442702770233154
7 0.6828699707984924 0.5617190003395081 0.08240699768066406 0.0390620231628418
5 0.5319439917802811 0.677344024181366 0.225926011800766 0.16614603996276855
1 0.22847199440002441 0.25520799309015274 0.1476849913597107 0.07083301246166229
3 0.2365739941596985 0.5424479842185974 0.2592589855194092 0.13020801544189453
