8 0.46751654432953416 0.13197239629041385 0.2896758403967202 0.09666409275293807
1 0.6373606336154249 0.22432566079816946 0.19679381628658876 0.09959128445745899
0 0.20707174028953404 0.3629861565503445 0.3502685703060659 0.16139675688727223
0 0.6863159174234079 0.3619248353703527 0.25075032824348154 0.1424329446228202
6 0.4342608673847338 0.3906677952433724 0.1883635223611551 0.10631604112298898
6 0.4736940289920965 0.49367770145067774 0.19133103643822424 0.11009784038865356
2 0.7412907784444769 0.5313120031788736 0.3594922664849822 0.20532862323493684
4 0.20325455038398157 0.5749230701770658 0.40650910076796315 0.2739947282891462
7 0.0714910669970645 0.6597284358513743 0.10991784229345274 0.06677427424923033
7 0.6486154922306621 0.5494707014353652 0.0960524578982116 0.049570242897881034
5 0.5330810629248874 0.6871656753674851 0.2823880507229324 0.19873882627024686
1 0.08957859837762089 0.267464639259919 0.1724068227388746 0.0897182997784314
3 0.19045151042575523 0.5723209478089001 0.304548880573327 0.16373643258217946
