8 0.700407183463208 0.12021870377127819 0.2563589106716103 0.09003549446657795
1 0.8212245678006282 0.23518035901740467 0.1748370430476457 0.09357293102756375
0 0.39012377638761253 0.2869522481011491 0.3108714668295402 0.15139339314999814
0 0.7878309666382934 0.36753183369558473 0.2230837268887652 0.13407055873690477
6 0.563509997691537 0.3505553933758427 0.16756681602260592 0.10006457248643053
6 0.5408178971240905 0.4501104252775602 0.17024876664369948 0.10365377851245872
2 0.7423391258134593 0.5295589683113077 0.3198501070016958 0.19328939981196686
4 0.2608870315657966 0.47483279980495796 0.3882824797579164 0.2582793271824079
7 0.11826851410705531 0.5313483978117608 0.09787665323720648 0.062914812993274
7 0.6557810574796383 0.5301586690344475 0.08535483847747949 0.046589837436505466
5 0.4860277770593901 0.6346110403121138 0.25199619211614477 0.18760906485271622
1 0.34410456198757455 0.18086600552051035 0.1532202600723191 0.0843354902279071
3 0.2638305973459122 0.4728046060695682 0.2707615804807937 0.15399330545787454
