8 0.543435415378176 0.09469301919402581 0.260175834376259 0.09017498408368119
1 0.37071077672848246 0.18470672272961264 0.17695815158143402 0.09397663163153394
0 0.7560039941923851 0.31329882000676024 0.31486748363337913 0.15196745666076153
0 0.32599848827277744 0.3170454199485553 0.22557024525092434 0.13472643649184304
6 0.551995750503292 0.3420824967679855 0.16944411442304358 0.10055107645513672
6 0.516025017282842 0.4411819634255548 0.17212635489821404 0.10416713755742446
2 0.2757033925306613 0.4799042596361115 0.3233992598121683 0.19423997654570963
4 0.7713786896127197 0.5162000627568428 0.3922368228934059 0.2596599982202037
7 0.8759610403737219 0.5962994614821397 0.09890632594029569 0.06324183262620708
7 0.35875442059972007 0.49638335170195497 0.08637675234727465 0.04679563103335982
5 0.4616333243556351 0.6271788519593855 0.2542631154650717 0.1886968275791958
1 0.8619728272504388 0.22059907335261814 0.15504422718751465 0.08471165029497821
3 0.7697207769582797 0.5137251529124793 0.27391035424425436 0.15470560840890052
