8 0.30267496645174063 0.1547929939818009 0.2846887593657172 0.07362425775891188
1 0.14457605794388215 0.25579721223240204 0.18677251143757884 0.07970346023373626
0 0.628558651094373 0.31637386922127264 0.3355339273807282 0.12797962112501032
0 0.15423647204561847 0.3755422939038927 0.23494339662036312 0.1151524799230178
6 0.4155968339509666 0.3676943885562922 0.17662220954114982 0.08590781355055538
6 0.4200759430405526 0.4576871320410508 0.17899278673749858 0.08910503156634836
2 0.1713593615187365 0.5222879499537048 0.3366099576186082 0.16607678382266827
4 0.7362738772560541 0.4890477968892102 0.4032017465954787 0.22327765870778982
7 0.8878460128157766 0.544397976504568 0.10214055875557959 0.05427408266103173
7 0.27065923625135213 0.5256697052381573 0.09097326013828527 0.03974326036420894
5 0.443006706845511 0.6248848928409793 0.25709049509273235 0.1632297878209168
1 0.704424964972765 0.2227838903848678 0.16314472344361242 0.07198678512401849
3 0.7333323661842777 0.48713288187914205 0.2871604613821813 0.1317585966566604
