8 0.4806289784043257 0.18883893870672452 0.2540624847184605 0.08455948315694164
1 0.6492903761432577 0.2825919880272393 0.17048022598636448 0.09028225289484335
0 0.2736498773843821 0.3971788223718049 0.30442475042070305 0.14533554104880542
0 0.6919307690691534 0.4114957937809792 0.21625148569570052 0.13007435701397557
6 0.466850640517236 0.4313945771348722 0.1624904634770093 0.09705402406374308
6 0.4957265880516003 0.5303768479758292 0.16491873597153622 0.1006224774788777
2 0.7306680056313698 0.5739703943970647 0.30996200982459254 0.18757445413659457
4 0.2382592642293833 0.599165348606745 0.3742284229147303 0.25166785890727567
7 0.12948291152556227 0.6762655039978969 0.09452405069988411 0.06121798020631597
7 0.6474633945024014 0.5884952128588619 0.08314909824667005 0.04499586933411959
5 0.5369535046022668 0.7158686466511585 0.2411413466410644 0.18359402806825442
1 0.16271444564441806 0.2859465697221608 0.15069982922790703 0.09022058891379267
3 0.23530918270189857 0.5982917266171183 0.2684193384909223 0.15016761866917028
