8 0.4271957330118539 0.20779604804989008 0.2780959413721656 0.09355759422975601
6 0.4321654000753252 0.45168507671060754 0.18148159078140286 0.10220787595520814
6 0.4713846589999958 0.5498703070109383 0.18437209853218345 0.1058237233290732
2 0.7493409040150716 0.4077765125880721 0.29702603199522726 0.1555619525801008
0 0.5107731671408716 0.37241742739372374 0.20746351543153008 0.10611125964827967
4 0.20812708688128526 0.518369299886974 0.34950278387291994 0.22069915752868707
7 0.09985154141730374 0.5859048283205937 0.09096536213722493 0.051126128123993086
0 0.18942371176052497 0.3525134775209591 0.31449555494758485 0.1409611165383296
1 0.13982386276303377 0.25878620707455124 0.15638729635619675 0.09021082258148932
1 0.47047179433817166 0.2722959520265185 0.18188984704753453 0.09125356838100016
5 0.5308164252487932 0.7432508745263898 0.2788211219821884 0.21406982797785834
3 0.18056783497744092 0.5248361704503366 0.25544156710434845 0.13269333958597396
