8 0.5722976279724232 0.1387003646489906 0.25969717422065114 0.07048098488274732
6 0.5107748370421231 0.37507500587833636 0.1575296262355586 0.08812475795877106
6 0.5222828505012191 0.4734089739348893 0.15946162207508274 0.09156346352005718
2 0.8318657846786293 0.35964340582332516 0.2612260246000613 0.13223446283614881
0 0.6089619182031504 0.30509083178981633 0.18319672427280098 0.08975737293549857
4 0.27426459729833436 0.420483425910804 0.2964485777058974 0.1941436318618333
7 0.1503536326775322 0.47658735771983524 0.07899001054103096 0.0440646684733873
0 0.30116726342378713 0.25843096756476924 0.283483689820067 0.11569815588575447
1 0.2783284702163671 0.16352463331348713 0.13512737324648502 0.07812571126524083
1 0.5969260838927538 0.20479136070329373 0.161130328864737 0.07687342509284545
5 0.5275870993447184 0.665563492077133 0.22546538543825217 0.19378638978841523
3 0.2456435660850842 0.42438963693245085 0.22496990010268725 0.11260591437303935
