8 0.6144393905414767 0.1289385816100307 0.3016958750411086 0.08310418242683179
0 0.7418150255652061 0.3596840946926588 0.2542515076439521 0.12274397803424808
5 0.522289542670822 0.6682228402618058 0.2505394904029237 0.18443363372541033
0 0.18233323480706046 0.3615670507926605 0.3646664696141209 0.15826012883653423
4 0.19517220665993254 0.5509335519261698 0.3903444133198651 0.2527031018976825
6 0.47332303673370735 0.37627881310746225 0.185639609088746 0.10110120597466515
6 0.5008198356009038 0.4772100983606126 0.20346922523876226 0.11015364057209942
2 0.7747387647168247 0.5288873989204366 0.38897211268627907 0.21578306439707284
7 0.0536680309000385 0.6210934821605558 0.107336061800077 0.055546315235715515
7 0.6578548796268394 0.5350738137079588 0.09420769589497624 0.051433007438198786
3 0.162564356616316 0.5490410438192803 0.2958668474157355 0.17028634881781768
