8 0.8256165366394921 0.13982575865717117 0.31181913185003196 0.08299545056132698
1 0.8978911590554743 0.24042883061952136 0.2042176818890512 0.11475800274177625
2 0.821323430378452 0.5408664960042098 0.357353139243096 0.18849579578819758
7 0.6997847485152742 0.5452145920530003 0.09777851770247603 0.05733949677861472
7 0.06832015619261077 0.5519275653296406 0.10290986456486187 0.056116207174528254
4 0.2230055015966605 0.488021528636819 0.42644373597503216 0.2556175178224012
0 0.30109733573862546 0.313924266256046 0.3757004044647847 0.17122197058123198
0 0.8553286851755031 0.3784863944025312 0.26769432346658906 0.1253110653019422
5 0.5300545125745975 0.6595691230419958 0.2770297547848987 0.19807103400391435
6 0.5682740624829623 0.46303747762224856 0.1999498742490189 0.11234691265180174
6 0.5961780536149284 0.36171202070698427 0.20260720932731557 0.10883658728907558
3 0.22396491832516022 0.4905423183921501 0.3350229625660957 0.18050356252216648
