8 0.40757085152777184 0.11192709766560552 0.2727054488294523 0.08571235765855571
1 0.2522369806834762 0.20148836424867256 0.18277481641192123 0.09034621984193053
0 0.671571982898088 0.32299249154672005 0.3264809383935411 0.14578574853104265
0 0.21515001710958337 0.3310665276476492 0.2317472160727311 0.12982645074709592
6 0.45715380792602833 0.35317214388854234 0.1741382447578827 0.09688220278548859
6 0.4267385682449315 0.4502300075990529 0.17672702562624587 0.10040327893489243
2 0.17453255244505736 0.49047960353694064 0.33216539590960287 0.1871951363634599
4 0.7038511823254343 0.520798882388082 0.40087373137339566 0.2506766920505414
7 0.8212263273522277 0.5978746984042203 0.10126934137969812 0.061017333797605544
7 0.2640378948099957 0.5057043313755815 0.08913942348776041 0.04500671331711764
5 0.3835888481938341 0.6322602470473169 0.25817334297587674 0.1825020244477552
1 0.7768365089145888 0.23145935623659175 0.1599439354663873 0.08148755687083978
3 0.7018957385928639 0.5184012266761218 0.28214804680350547 0.1489176813767189
