8 0.6453512328049212 0.11353955020605719 0.26764707076032157 0.07277590287151235
1 0.7337898363402611 0.21024007096478803 0.18342629673897437 0.10966925197878732
2 0.7686049454677417 0.5164017258211446 0.3098677069959769 0.17972158958570045
7 0.660950213890048 0.5337154045350903 0.08132719225721852 0.05529693892330678
7 0.1242210039318234 0.6044560146492969 0.08594661350645547 0.053809397462519115
4 0.2368151160916562 0.5245530477472891 0.3542340676820663 0.246914897816639
0 0.25063754275063765 0.3416678650544947 0.316565113515493 0.1615517947160846
0 0.7430898550118812 0.3503871200471079 0.2252842114951984 0.11854376360407715
5 0.5508213555297439 0.665844786950385 0.22746207807860575 0.19360559573452318
6 0.5238201865885477 0.4644533458925345 0.1667156584972564 0.10798789737874515
6 0.5168948050766193 0.35979140823659994 0.16934675604536353 0.10423397031049947
3 0.23839827154290621 0.5269892620338367 0.27998034972795716 0.17291274878651675
