8 0.5389744945586684 0.09606778743547718 0.2983901221790928 0.07849908224257743
6 0.4860323684962995 0.3370813177115084 0.18420442953303845 0.09344667281838864
6 0.5059920000697902 0.43630230000742865 0.18663008524345354 0.09697446125032233
2 0.8480227199328392 0.31243504651594767 0.30395456013432165 0.14091923570016934
0 0.5922018501106914 0.2634759724060765 0.21331910354090544 0.09581789141939587
4 0.2216050085891878 0.3896961552836923 0.3486456618131636 0.20444458770952656
7 0.08534759005989676 0.44997340239331773 0.09235681058936729 0.04673198470615719
0 0.2406149587766727 0.2248927400765891 0.32845791762963433 0.1248421195047558
1 0.2080754298250987 0.1294600522777554 0.1581876451047236 0.08271638073694193
1 0.5715062813508894 0.16228012744487397 0.18747805413453617 0.082183011871601
5 0.5255505056921886 0.6306731021644236 0.26842170243520797 0.20208670403563644
3 0.18949352616146617 0.3944548849740028 0.2621290865119463 0.12007242785590944
