8 0.7067130208015442 0.17044299840927124 0.27083301544189453 0.06380200386047363
0 0.7849540114402771 0.3979170024394989 0.21898102760314941 0.10520797967910767
5 0.5287039875984192 0.6802080273628235 0.2046300172805786 0.1656249761581421
0 0.2608799934387207 0.36796900629997253 0.3291670083999634 0.13281196355819702
4 0.23333300650119781 0.5490890145301819 0.350926011800766 0.2226560115814209
6 0.5335649698972702 0.39869800209999084 0.15786996483802795 0.08802098035812378
6 0.5416669845581055 0.4966149777173996 0.1731480360031128 0.09583297371864319
2 0.786342978477478 0.5613279789686203 0.33009302616119385 0.18828096985816956
7 0.0956020001322031 0.6084640026092529 0.1069440059363842 0.047134995460510254
7 0.6770830154418945 0.5606769919395447 0.08009302616119385 0.0447920560836792
3 0.2162039950489998 0.5462239980697632 0.2499999850988388 0.14921903610229492
