8 0.5197063087196925 0.12229116247769631 0.2501459315757645 0.06838770856618527
1 0.6851395188748308 0.21453791778275905 0.16228773775784178 0.07739694951102791
0 0.26977010427252773 0.3077130760006424 0.2924300404863723 0.1232892992052621
0 0.6997588927710934 0.3376492394071079 0.20327929247446397 0.11278651861896144
6 0.46761159383042955 0.34647597311348055 0.15285656976631812 0.08410544636238176
6 0.48105264850836527 0.43881922510761406 0.1547894914241223 0.08735196682014307
2 0.7130117897542667 0.4888609323678038 0.29118037740679503 0.16272635935827728
4 0.20809352770780729 0.4912890939513035 0.3473716765778922 0.22013971303799945
7 0.08504064331954676 0.5576817830546005 0.08813020441314232 0.05339692612834446
7 0.6260408838165066 0.49872374335894387 0.0789937301567668 0.03865292536182685
5 0.49313347352734627 0.6113260984105043 0.2202810154487233 0.1619790409125592
1 0.2401848829985932 0.16995238007956417 0.14162001105087496 0.07005711948934773
3 0.210319069949367 0.48914061973487544 0.2489805222691005 0.12854368623238727
