8 0.703017620679707 0.19297997133916442 0.27972225675644535 0.08865124130440538
6 0.5595306846235368 0.39851094672519743 0.1817842076098362 0.0946731084386967
6 0.5370783301121529 0.48843382692570014 0.18464288584292327 0.09795964063683321
2 0.8691392963513096 0.4228676364847267 0.2617214072973807 0.1444638585680607
0 0.682281413506266 0.3471862000344214 0.2080072584885263 0.09862743115702222
4 0.3064424310269085 0.4112255594273166 0.3496456203308671 0.20367587825799227
7 0.16267218323360555 0.44698623096693724 0.09111896753898145 0.04736040045440287
0 0.38948104432493075 0.26849885323848777 0.315686575325128 0.13171088890809665
1 0.3993753974375339 0.18031273886234117 0.1566086957841088 0.08349305940838311
1 0.7048836450287788 0.2554304597384534 0.18239933408181408 0.08487941132046586
5 0.4759569261594442 0.6621050632161689 0.278234445273203 0.19648792854124675
3 0.27636463590734334 0.41133341974833315 0.25607339633180504 0.12326372123463752
