8 0.3457505854273769 0.12191533907463492 0.28853094000616 0.08018566408154061
6 0.45543828285287224 0.3565788477296075 0.17940941531162746 0.09443548486305542
6 0.4608614456257005 0.45642432711114744 0.18183790395102756 0.09797362188571085
2 0.1263709858865625 0.36025980441503447 0.252741971773125 0.1425694439317471
0 0.3362962938691063 0.29189364614131513 0.2074103386307255 0.09697742366787007
4 0.7200105274185923 0.38819380112806595 0.34036176880238855 0.20628402926155232
7 0.8645039195624622 0.4373412303178398 0.08994924051455622 0.04722789869038774
0 0.6613659610531005 0.22639904308769448 0.31870846737704683 0.1266539202807472
1 0.6688458718055126 0.12933084242166312 0.15414074330823024 0.08356266301560016
1 0.3310874762095418 0.1900346051757781 0.18222685989049375 0.08320444071318639
5 0.49008086433172415 0.6505027582961052 0.2633266315700245 0.20345087782947824
3 0.7517383088736485 0.3904175314130803 0.25493527799065463 0.12149456565421446
