8 0.2734888065547606 0.10770887740401407 0.28943807418930445 0.10251759484079884
1 0.14716931108506154 0.23321806215408475 0.20021026065286823 0.10201040991648969
0 0.6319005354396954 0.2662064398007932 0.3546761895632752 0.16643086105320426
0 0.19531762508663886 0.36752595528476845 0.25674217657215337 0.1448020138769578
6 0.44391762274005986 0.33960830615202897 0.19279289281414352 0.1081268806923506
6 0.47743045017656194 0.44074843477958425 0.19605244583289388 0.11184047566036687
2 0.2594003206675944 0.531732559252685 0.3682014843802995 0.20867331689512958
4 0.7834640690360529 0.45303749003327454 0.43307186192789415 0.27689931155141
7 0.9492819989628493 0.5043860237074866 0.10143600207430148 0.06761359932401662
7 0.35591746015378356 0.5283004694694673 0.09782134878092458 0.050706859537795856
5 0.5537321606760629 0.6275910634406221 0.2931793902125817 0.19964668102888672
1 0.5919270416501086 0.11378728621921189 0.17566032182746383 0.09172429456688218
3 0.7880028855115668 0.45109303673438267 0.3108500309361377 0.16703875116416989
