8 0.46792587707859745 0.13742655836584836 0.2651916819413285 0.07136509032474768
1 0.3240993538628281 0.22301541828246446 0.17379231998167846 0.07815113366848059
0 0.7544727310152493 0.322103279323916 0.3123067220385859 0.125224875669885
0 0.30229932587359915 0.34177514942176485 0.21852583812667703 0.11316650588606625
6 0.5451085844521188 0.35532426807557616 0.16428403498051397 0.08441630245738002
6 0.526162842802653 0.44435004290727065 0.16647671109806228 0.08758893319685307
2 0.28045220576813923 0.4877435335090773 0.3130814765588362 0.1632289770441822
4 0.8094428554693344 0.500992611270838 0.3748721033621196 0.21981205724743758
7 0.9348989421762093 0.567865287460856 0.09497775383499729 0.05340127593182542
7 0.3710724042774526 0.49916059748199115 0.08464531732714975 0.03898509333139105
5 0.5044231136673007 0.6109407882109777 0.2389013307704973 0.16097341533131093
1 0.8483647886163977 0.23607551075850353 0.15179236072870483 0.070625548291391
3 0.8072237230700898 0.49886652400841935 0.2671481189172499 0.12935131751664186
