8 0.4445697666351752 0.1579013910734717 0.289423322099379 0.0922000799409275
1 0.27633845761477493 0.24391854728775275 0.19582245546259233 0.09444177103627283
0 0.7661827535765355 0.38422891804742465 0.3489136973507905 0.15322119899862335
0 0.23031681446266186 0.37311988052719514 0.24914633336403963 0.1349020449596477
6 0.48366667049921497 0.40144826229379904 0.18717459361096433 0.10070123465079645
6 0.4464224753241745 0.4981571325527099 0.19007373165253838 0.10426310271531342
2 0.17896707591486719 0.5321961674776297 0.3571660929935036 0.1944614773944514
4 0.7340779928897083 0.5760478654108294 0.43243275897392375 0.2592558892673909
7 0.8533651454774198 0.6564296525550553 0.10911249357842678 0.0632023593744625
7 0.27228729409890823 0.5497529696346919 0.09555568965031067 0.04699685992438585
5 0.3911852365355537 0.6798845865368579 0.2796778432323033 0.18786549616770476
1 0.8145268014534461 0.2593975077498608 0.17149756619963075 0.08505285589976719
3 0.7412931292857757 0.5721823293671355 0.30192939943705377 0.17050757855116055
