8 0.29745399951934814 0.16809900104999542 0.2763890027999878 0.06015598773956299
1 0.2152780294418335 0.26197902113199234 0.18240702152252197 0.09791700541973114
2 0.21411997079849243 0.5511720180511475 0.3087960481643677 0.1601560115814209
7 0.32986098527908325 0.5639320015907288 0.08009302616119385 0.049739956855773926
7 0.9050929844379425 0.6128910183906555 0.0851849913597107 0.04817700386047363
4 0.776852011680603 0.541405975818634 0.348147988319397 0.22239601612091064
0 0.7409719824790955 0.36979201436042786 0.31805598735809326 0.14270800352096558
0 0.22175902128219604 0.39414098858833313 0.22592604160308838 0.10494798421859741
5 0.4615740180015564 0.6846349835395813 0.21944403648376465 0.17604196071624756
6 0.4666670262813568 0.49427101016044617 0.1648150086402893 0.09687501192092896
6 0.4618059992790222 0.3955729901790619 0.16805601119995117 0.09322899580001831
3 0.7754630148410797 0.543749988079071 0.2777779698371887 0.1546880006790161
