8 0.19550584177952712 0.21684891842544474 0.275127731140448 0.08514832043824849
0 0.1768773396561852 0.4554354082818428 0.23572287671052777 0.12373609019013293
5 0.4921094669165096 0.725636469153708 0.23693204005992669 0.18453137519512874
0 0.6712987075189061 0.38639373422726797 0.34806362825752146 0.16006359098568534
4 0.7424975428268125 0.5697812307426932 0.3911324572130568 0.25362697419023483
6 0.4177907566420873 0.43782221555744494 0.17295213288056654 0.10166645802496649
6 0.4342636744832086 0.5386492366188608 0.18951503416472892 0.1107823010068007
2 0.21598589510477534 0.6228142699660941 0.36267701013825737 0.2169127674841126
7 0.8890765523502429 0.6204730425374974 0.11406963411090643 0.05608314501383316
7 0.3204477989968272 0.6141452739037734 0.0877783879768208 0.0517181065761082
3 0.7581906325556228 0.5655938363168608 0.27631662961159975 0.17106035261142766
