8 0.37185261811609216 0.23736342773575902 0.2678000282463293 0.09312657499217247
2 0.7671220475372282 0.42800135342112067 0.2892257149024574 0.15161871405922328
0 0.5310594556614681 0.3820879137363893 0.20186907662065218 0.10351628474012292
4 0.24992559730383587 0.5262004001396631 0.3424876557558815 0.2137020940011965
7 0.15017145978300833 0.5923037578281171 0.08877669031534198 0.04970035033937603
0 0.22313250441685448 0.36906758806890394 0.30487194673090984 0.13827275045649956
5 0.5460602619937458 0.6557567308178528 0.2829841859752699 0.15443663602314484
7 0.7796402109838225 0.46795417578007414 0.0927493858797458 0.04946467081042244
6 0.5111183664747647 0.5497967966724824 0.18256095390363464 0.0911999399253477
6 0.6925109442783175 0.3236845015704888 0.14835179027781398 0.07923267042377374
3 0.2301325246913708 0.534447708395872 0.2703704996658918 0.11484944269887043
