8 0.45536927386820814 0.08402340645929018 0.26694284019334186 0.09175557975467147
1 0.3000490344467749 0.17952192883332285 0.18069746272545964 0.09661589599588591
0 0.7003052127278624 0.30966396122658346 0.32192419392593286 0.1559329312513635
0 0.2572941029556453 0.317863829376104 0.22994187350948492 0.13880630610603906
6 0.49080409597983105 0.3416943179859294 0.17274526416723035 0.10358451323711243
6 0.45622327829703413 0.4453140397445359 0.17542622745417957 0.10734559504278146
2 0.20955182983233112 0.4880630968342867 0.3296382041934113 0.2001411733549026
4 0.7212376652806988 0.5209308200773635 0.3991671228065614 0.26797090208488095
7 0.8310151254923781 0.6033485256415803 0.10071294398016073 0.06523046253433307
7 0.2955462498643271 0.5044043774123524 0.08817755460542814 0.048128173353458925
5 0.4048399835975124 0.6396637805064491 0.2582167970387835 0.19506059962386957
1 0.7905601544994354 0.1822107295460561 0.15825766746960424 0.08713775337063576
3 0.7194671680510684 0.5183685595037256 0.2794539984274136 0.15923367556816453
