8 0.6195903457363855 0.2037702337957926 0.27192827213503956 0.06882619225683573
1 0.7874148516889625 0.3031436133534882 0.17510357182269864 0.07922477912359793
0 0.34474857917536517 0.39244852619333354 0.3161675993151911 0.12582713659266842
0 0.8074334380964863 0.4293159980719706 0.21870111368006817 0.11581620303670004
6 0.5525791828618329 0.43599069283885167 0.16448114126665198 0.08635069613219448
6 0.563645697256786 0.5326618853379714 0.1664740847701297 0.08972761338707408
2 0.815954740030072 0.5875184270622351 0.3132242464395799 0.16712076035421097
4 0.2623153491234996 0.5845067815262803 0.3726331916145644 0.22659755156717903
7 0.12477433713505796 0.6525524274303096 0.0946369614469251 0.05492065785518396
7 0.7202164943621432 0.5968717826569865 0.08519281065151874 0.03958841046724315
5 0.570035963650734 0.713110604807103 0.2354085751043432 0.16711997027554637
1 0.239557929706382 0.2889628552657115 0.15250826066384185 0.08054872873973395
3 0.24840199218101927 0.5847754331301442 0.28995349193864306 0.132022192125694
