8 0.8148246350177333 0.17646694104994648 0.3086942246388166 0.10201931845456191
1 0.8538611420143561 0.2828292021982734 0.2312007221391159 0.12557247807193114
2 0.7185595725562359 0.5723323402715286 0.38875251150120593 0.20697122544971835
7 0.5951568299209768 0.5675792784204541 0.10470122657934078 0.061886332823492096
7 0.021616493643567995 0.5294918427322804 0.04323298728713599 0.061093390587446506
4 0.19073984278760012 0.4773845059656875 0.38147968557520023 0.27519670849223693
0 0.26983901523825193 0.3111214501196727 0.3899095939787618 0.19091670048223372
0 0.7849184039023758 0.41407181053970815 0.2786544617971084 0.13919393811067016
5 0.4046152587635755 0.6684019648920465 0.30563129630374264 0.20933992562017667
6 0.48928671641484345 0.4771783286057848 0.212867664926144 0.12186720090515019
6 0.5407942047335289 0.37917006602029113 0.21443399332529406 0.1187100594713626
3 0.1650611197123321 0.47993985617409884 0.3301222394246642 0.19680565622671692
