8 0.3240328177237406 0.23665970529724561 0.25900568451658645 0.09334429531274044
1 0.22120390024326894 0.34940734147647484 0.17930809468684245 0.09365492655647789
0 0.6548636057207493 0.3838657236735948 0.3175793906860076 0.15255219599787262
0 0.2648413167864724 0.4744893398719242 0.23000483396918978 0.13318308119981914
6 0.48705638136263696 0.45053247091802595 0.1727123777999166 0.09944128293881649
6 0.5174623189681433 0.544703382179172 0.17564143576062008 0.10288615087654351
2 0.3228578539448427 0.6274574499982711 0.32986149467737547 0.19194507453382093
4 0.798358530231708 0.5585942971528967 0.4023945948159552 0.25504962291485805
7 0.9449065985687758 0.6075627475787027 0.1012524277202882 0.06224881225598977
7 0.4091630049578191 0.6250333429080333 0.08761282828824801 0.04656849594832335
5 0.5865039956092707 0.7187850241848069 0.26281126175346486 0.18416197519280697
1 0.6924197227442258 0.281086932039966 0.15733181781973027 0.0842497186939847
3 0.7952664030180578 0.556761678916177 0.2784383000156868 0.1535063767220899
