8 0.35765663029415923 0.21945356691510712 0.2791391447783865 0.07963737589595793
6 0.4678479135474793 0.4481971857242236 0.1744306900340996 0.09301067199960572
6 0.47498027793336706 0.545721800622938 0.1768354428053917 0.09647457303975021
2 0.13684859300624336 0.45347698038262135 0.2736971860124867 0.14054133391577717
0 0.3517893771400269 0.38557048333841365 0.20141894910591956 0.0956268100554758
4 0.7234346161825083 0.47781577997174246 0.33144058135470833 0.2029213443158321
7 0.86362916645049 0.5251401630340433 0.08745080161017726 0.046516433064588525
0 0.6638273402378921 0.3200211400445402 0.3090700478678503 0.12512231050779649
1 0.6691834091266474 0.22514804727392798 0.14991014058968966 0.08227949229190362
1 0.3448251563490182 0.2860775576641829 0.17692433674925173 0.08206640209994184
5 0.5068450713110502 0.7351993251714022 0.2572718158914767 0.19978290242242236
3 0.754054921769461 0.4798361335894761 0.24761541121484065 0.1197786451681509
