8 0.6497396913786737 0.14233497658419647 0.2541357469821033 0.06554875641298405
1 0.721314834697948 0.2411928174933215 0.1697960856372076 0.10406106293033981
2 0.7120608183163166 0.5432384894018424 0.2872471489569103 0.17030827600157322
7 0.606081776677122 0.5554253584883571 0.07479617941888206 0.052737279771122636
7 0.07988213010839566 0.6008940097709213 0.07938294219774242 0.05115506652469115
4 0.19935130873611046 0.5274975529802332 0.325344221353141 0.23569947398814767
0 0.2381821542094944 0.34861658910331605 0.2950676516936571 0.15217669285604263
0 0.7106943146883713 0.37915946155544367 0.2097241841280465 0.11183277751092952
5 0.4816924115134318 0.6801910295214784 0.20634889813141805 0.1860197690314015
6 0.4838355485986171 0.4813240191007143 0.1537198077083169 0.1027995714048267
6 0.4917860867835151 0.3782912973496182 0.15654476063110528 0.09902357284300706
3 0.20053413567199996 0.5299593259014121 0.2587722371947284 0.16429202861388903
