8 0.4037039875984192 0.1645829975605011 0.26481497287750244 0.06666699051856995
6 0.47662001848220825 0.3979170024394989 0.15879595279693604 0.08541697263717651
6 0.46875 0.4954429864883423 0.16064798831939697 0.08880198001861572
2 0.1453700065612793 0.386588990688324 0.2638890743255615 0.1278650164604187
0 0.3726850152015686 0.3298180103302002 0.18518495559692383 0.08671897649765015
4 0.7219910025596619 0.43997400999069214 0.29768502712249756 0.18880200386047363
7 0.8518519997596741 0.49401000142097473 0.07963001728057861 0.042707979679107666
0 0.687730997800827 0.27981799840927124 0.28749996423721313 0.11119800806045532
1 0.7074069976806641 0.18554699420928955 0.13611102104187012 0.07578098773956299
1 0.3810189962387085 0.23033900558948517 0.16296303272247314 0.07421901822090149
5 0.4710649847984314 0.6858069896697998 0.22453701496124268 0.18932294845581055
3 0.7516199946403503 0.44348999857902527 0.22731506824493408 0.10885399580001831
