8 0.28277515105166195 0.12389248150569981 0.28340735307818277 0.06870636667892949
0 0.1944988112732755 0.35870053319065837 0.23079032043934156 0.11108155928549113
5 0.4521508607464091 0.6535293091084641 0.21772707531178032 0.17350900593405805
0 0.7400405683053477 0.332783489549413 0.34614249467451264 0.14073943946645662
4 0.7631202190102394 0.5206167816426227 0.3715065307929746 0.23399231114949287
6 0.45572160990134347 0.36195411767927377 0.1667564646378139 0.09268862517050175
6 0.44430281179372 0.46327680038706454 0.18287293753291417 0.10092719982993015
2 0.18805027004697492 0.5279131892806479 0.3488037824232841 0.19819138655653895
7 0.9044334731589829 0.5834441567737226 0.11258130612194805 0.04985239919341189
7 0.3016145723329934 0.5283016038278149 0.08460564035522833 0.04716495378214902
3 0.7810086844166321 0.5178163920757453 0.2643736497730744 0.15696046879369352
