8 0.7410879591744224 0.19443469801563318 0.2653407931297106 0.09736308469307123
6 0.587638888303432 0.43357367965169163 0.1761031060660988 0.10639781686882543
6 0.5583149990984151 0.5374240681460959 0.1790502268576894 0.11016283400572241
2 0.8744534750287063 0.45527716728210055 0.2510930499425873 0.16193356195443082
0 0.7074607826483826 0.37218270785524776 0.20054712388877727 0.11045614045881241
4 0.3491528904373408 0.4530698621784792 0.3408526858575779 0.22975785768703627
7 0.21105286221824437 0.4969657297711684 0.08826200089996739 0.05322195890857778
0 0.44014414300552723 0.28732447856287346 0.3025871485513748 0.14672261114080745
1 0.4575328673397341 0.1857133156778238 0.15190537127121845 0.0939099631383716
1 0.7370937871095479 0.2662215069174172 0.17569880877075295 0.0949891531862195
5 0.4850290053193683 0.7383359457600496 0.2746402995262452 0.22287246151388307
3 0.32093953125330754 0.45377308264467375 0.24707189038159263 0.1381277268376429
