8 0.28198669575260743 0.18522940379766434 0.257631425077399 0.06674294459401356
1 0.21187790994394506 0.2836867644887951 0.17340826869796097 0.10427040039601373
2 0.22760639863113424 0.5828647911895376 0.29323648774576627 0.17071840980165415
7 0.3347706018261398 0.5941742721024528 0.07653348262439458 0.05276213278864994
7 0.8665363407974461 0.6354260521327291 0.08112475702688027 0.05122847748090742
4 0.7444683538240193 0.5635718840089735 0.33303463492391927 0.23574599791900747
0 0.7015113096749115 0.3866297711495268 0.30073775311662887 0.15282034117470666
0 0.22551173747017147 0.42029742889779786 0.21383205809125544 0.1122544143402115
5 0.46288919445968074 0.7168858150806003 0.21200028719194297 0.18569255716436317
6 0.45651783105247834 0.5198783758972169 0.15717199995784698 0.10290519235146589
6 0.4463167899702297 0.4178584308759705 0.15994036162277392 0.09918645860859149
3 0.7433272945688784 0.5660193597245473 0.264398007517491 0.16455538673539832
