8 0.4245756677462872 0.1602881884493993 0.24354523543481488 0.06582882097089693
6 0.5055877601287495 0.3702203757908231 0.14899077519294912 0.08064773634870559
6 0.5048081475318782 0.4587502342758145 0.1508834920193391 0.0837528235955815
2 0.2056206445063029 0.36673769732035905 0.2466807514047409 0.12126167331901094
0 0.4072791438209591 0.3106434330226966 0.17291356129100305 0.08236775021284792
4 0.7299711777880719 0.40330493847987653 0.28116501602640565 0.17716885821409445
7 0.8507870943862031 0.4496085495973262 0.07470496688261608 0.04032815968093356
0 0.6886281307943161 0.25888825691148143 0.2669277148743504 0.1066430075213034
1 0.7002838338997017 0.1730660464437542 0.1278731322746971 0.07145209802602603
1 0.40835111670475027 0.22033443494054844 0.15202829385506722 0.07058653183417918
5 0.5192545118577672 0.6311925244078052 0.21512118859581852 0.17614332860900772
3 0.7569644744414736 0.4058841970514825 0.2124080652980228 0.10328692152794744
