8 0.4950773423716463 0.17841264942699164 0.2572347234204776 0.07910569267491899
1 0.3206629272869171 0.275062429275527 0.1695276101096628 0.08704887271458608
0 0.7326856945097413 0.3845989936910976 0.3041825203286136 0.13935993654211398
0 0.29608370132357664 0.4082669794666657 0.2136143735301013 0.12617049135951325
6 0.5298089094682465 0.42258725854198226 0.16057169147763678 0.09411199186659314
6 0.5088728603266853 0.5224506005058845 0.16277674408357418 0.0976633944720891
2 0.27064382709130064 0.5719719028428977 0.3060779922766609 0.1819932900698768
4 0.780331196677851 0.5849328705641104 0.36722393346269133 0.24524975974108215
7 0.8992997679347003 0.6594469815836925 0.0929706865374118 0.05956702244252854
7 0.3576831453042188 0.5844462123482161 0.08259609290739722 0.04343106325423807
5 0.48291864139450447 0.7092722800875992 0.23465952466680928 0.1797306711978054
1 0.8257996251767836 0.2878284398941564 0.14813916420085926 0.07868548693340949
3 0.7782550797084777 0.5825575134851548 0.2608715980981985 0.1441523843284943
