8 0.25291256103359355 0.16891592128979355 0.29191292254346124 0.09764031485669507
1 0.1303014913606405 0.2824710219693335 0.20131318918485264 0.09368301138348731
0 0.6196096091150083 0.29400155743866896 0.3569097436822666 0.15395389500758877
0 0.17660028949778522 0.39783132099112445 0.2578826084708874 0.1318950555623961
6 0.4283360275865146 0.3646629175671433 0.19366117039667008 0.09853161897716994
6 0.4604268782540523 0.4516321644141388 0.1968984795344232 0.10178263085615563
2 0.2384772340633154 0.5386870058188066 0.36981726155533257 0.19000241665090828
4 0.7761417137703293 0.4511858237146805 0.4477165724593415 0.25055927587189725
7 0.9420238698225035 0.49013064302483744 0.11342796441832781 0.061314563353783214
7 0.33608155704845794 0.5322657884529608 0.09834328715241547 0.046500312690412215
5 0.5342547872206809 0.6117846426228652 0.29381008618397547 0.1794449441379249
1 0.6645403374274299 0.19568527840258676 0.17658449132968557 0.08406398361678333
3 0.7741215408397506 0.44961343892436545 0.31239295428993874 0.15273066572503252
