8 0.3470350483647966 0.19167449708386497 0.29949410228464113 0.08625331047790702
1 0.22717738981155985 0.2811841106637553 0.199118633352471 0.09104879231467267
0 0.7891128687683238 0.43187085918807283 0.35643852433069534 0.14687954524041824
0 0.2252022372576561 0.4142466459046896 0.25172243467115485 0.1308751137961191
6 0.48925046850511844 0.43008458005657996 0.1891807934612288 0.09766330610297258
6 0.4649647613445555 0.5343140208738489 0.1918913158691561 0.10121743796571009
2 0.18779869678620184 0.5752643946597568 0.36074153412078996 0.18870970461924957
4 0.7749321341584111 0.6052327005153355 0.43414862412200184 0.2527604425256452
7 0.9084552873935781 0.6829169658413223 0.10978834010051719 0.06151987087165445
7 0.2875578914358299 0.5905282775439087 0.09706406103246754 0.045359122745282976
5 0.4258290438695048 0.7181726534757193 0.27857222520652325 0.18406166289961057
1 0.8259496796121365 0.32446679280893387 0.1741273256418121 0.08212741461751433
3 0.785772396831032 0.6066158987098278 0.32293372067100934 0.15375429330862012
