8 0.7025460004806519 0.16809900104999542 0.2763890027999878 0.06015598773956299
1 0.7958329916000366 0.2588540092110634 0.18240702152252197 0.09791700541973114
2 0.7858800292015076 0.5511720180511475 0.3087960481643677 0.1601560115814209
7 0.6701390147209167 0.5639320015907288 0.08009302616119385 0.049739956855773926
7 0.09490699879825115 0.6128910183906555 0.08518499508500099 0.04817700386047363
4 0.22314799576997757 0.541405975818634 0.3481479734182358 0.22239601612091064
0 0.25902798771858215 0.36979201436042786 0.31805598735809326 0.14270800352096558
0 0.778240978717804 0.39414098858833313 0.22592604160308838 0.10494798421859741
5 0.5384259819984436 0.6846349835395813 0.21944403648376465 0.17604196071624756
6 0.5333329886198044 0.49427101016044617 0.16481497883796692 0.09687501192092896
6 0.5381940007209778 0.3955729901790619 0.16805601119995117 0.09322899580001831
3 0.22453700006008148 0.543749988079071 0.2777779996395111 0.1546880006790161
