8 0.5110255540448478 0.10472514648903417 0.2977744418212246 0.09512323968405394
6 0.5098496817936442 0.34375697772945935 0.19357505573488099 0.10202891379033713
6 0.46942889268683974 0.4394478726077003 0.19662205776946418 0.10558391434616399
2 0.16867027614227295 0.2961172688483592 0.3170322532477495 0.15561096214299616
0 0.4241269373535662 0.26490637521525806 0.22148350834425062 0.10621971297000138
4 0.7514514331615523 0.4123768655857285 0.37235882669194387 0.21965826473923739
7 0.8688171814281187 0.48015512428169627 0.09702897897521101 0.05103947056473784
0 0.7686983646923541 0.25004604546002 0.33611034653272887 0.14170593283373567
1 0.8203368776788268 0.15887595476441976 0.16676972887246988 0.08999429882474703
1 0.46567618439905106 0.16733289594815282 0.19421394630506728 0.09140051365688659
5 0.40893663329625984 0.6281736444048027 0.2963637212233703 0.21213065647186602
3 0.7811415777181756 0.41911590586703973 0.27266673817326614 0.13276728134266003
