8 0.4838586908219519 0.08780449056621191 0.285022848772351 0.10113324235917157
1 0.6826139098360223 0.1739292475641035 0.19678904364985494 0.10150536645167518
0 0.29171165103814356 0.3154418894400989 0.34878405221032927 0.16532831959987243
0 0.7497012703380757 0.30413679103687763 0.25218980371668953 0.14435792234884826
6 0.5076717394164851 0.3386710976386076 0.18938162933600744 0.10778456072464038
6 0.5549740640144107 0.4388953980570308 0.19256121933000886 0.11151980329605798
2 0.8179097253195418 0.4691897810513723 0.3616608870734619 0.20805110857944076
4 0.2854855381519704 0.525839508467616 0.4408044216264797 0.27646659075765956
7 0.17931944558268487 0.6120861136489423 0.11095247612653464 0.06747460606993516
7 0.7295869541365472 0.4893451271865269 0.09613955074748326 0.0504726908782715
5 0.6295790891008468 0.6275176600634789 0.2875760487144025 0.19963863017319838
1 0.15150045820942276 0.21823654448370247 0.1757798398536606 0.10044284929905928
3 0.2722359959945202 0.5276244076352592 0.32617911106843545 0.16895184678756342
