8 0.6796464662927274 0.13046738120284135 0.24872284435103964 0.08038391395064771
1 0.7886594084631002 0.2402259889520526 0.16414970663586548 0.08880721972840944
0 0.3665108676955808 0.3165881040454521 0.2944212553845139 0.14207338145062848
0 0.7766067592412769 0.3774206574234836 0.20694732542146177 0.1288185420856578
6 0.5498789026762696 0.3722341478262 0.1555553289099013 0.09608337952931362
6 0.5432359989579594 0.47530049516539086 0.15770646137783007 0.09972111496499547
2 0.757247573672319 0.5456272434158911 0.2965331208663843 0.1858192876271747
4 0.26768713228960245 0.5157866228448663 0.35595079316816036 0.2505457486140807
7 0.1343670021272944 0.5813390628457227 0.09009985493081199 0.06084162059494569
7 0.6709111134994092 0.5509399989331001 0.07998267561911132 0.04431450359006539
5 0.5182075046742045 0.6669999107115069 0.22760862091553813 0.1837185907187664
1 0.30349104575785885 0.2105714185695779 0.14345709467891035 0.08029069909343708
3 0.27030014745562725 0.5135521839398887 0.2526637061150352 0.14712574487041002
