8 0.3569451860873998 0.09138905382980805 0.30760138596003506 0.09747538916566711
2 0.11390824202838959 0.38007081815322286 0.22781648405677918 0.16326846573848575
0 0.28923303080910717 0.2781064003288748 0.22731192153100122 0.1113329754606994
4 0.7017402350048578 0.3627891326911659 0.38044235230681944 0.2321508676398958
7 0.8590801864088566 0.4083565475119906 0.09939419416140005 0.05370687622236309
0 0.615817308141727 0.1936981304229376 0.345768816505084 0.14761737819256204
5 0.47344271110367386 0.5653108149822279 0.3173742477620827 0.16666456404772295
7 0.08082206672319682 0.424378038860456 0.10417863687245474 0.05331541314975874
6 0.43392180867918184 0.4474012914599601 0.20590082803638432 0.09793996413603157
6 0.07674878236818992 0.25473002164903014 0.15349756473637985 0.08540747912146185
3 0.7293908202006388 0.3667823734256893 0.30770333276783446 0.12207738382337313
