8 0.6045668140527276 0.18567903770980737 0.28630894880035357 0.06598959292727932
1 0.7780375146542043 0.2821826616669745 0.1833698153326193 0.0770926649709247
0 0.2889976904851468 0.37038031016850403 0.3315835448104293 0.12212812692124891
0 0.7861695808035979 0.4099246564869558 0.22854523230671497 0.1130056006722382
6 0.5159554235339581 0.41444491831439445 0.17190615418130922 0.0842434804837714
6 0.5249296247370593 0.5103107796951287 0.17392269683838446 0.08757446488588266
2 0.7906960325971003 0.5667304272263298 0.32728746377977513 0.16308448045979484
4 0.20418749091606408 0.5592008845067978 0.3885727396766189 0.22155255692248693
7 0.056523061223695534 0.6254863888929605 0.09875992987897961 0.05366239254984373
7 0.6889928847241202 0.5752109853529299 0.08918486119505442 0.0385419444965277
5 0.5265651155498515 0.6891391078906761 0.24479576550732113 0.1637230265748163
1 0.19677745502185232 0.27464492776914257 0.1598359158782801 0.06988697075233122
3 0.20692624361045744 0.5570209411169297 0.28061831897823314 0.12844827415993382
