8 0.7435692203949009 0.20413054917802953 0.25930755720923204 0.06872343025307334
1 0.8147970197298297 0.30638714450303484 0.1741911661033333 0.10803680209815475
2 0.8006829241896322 0.6177798230590288 0.29459299002672323 0.1768576552875477
7 0.6927477888021135 0.6298631982057639 0.07683978440789052 0.054700890256871415
7 0.15707021750115147 0.6743504459609581 0.08147677597981459 0.053090875855913655
4 0.2796739552614085 0.5992161716898287 0.33433169628710285 0.24443473363632534
0 0.3219389018224295 0.41495139754128174 0.3022584972666946 0.15820370385648147
0 0.8018499883123048 0.4485941614964664 0.21489242717028856 0.11622953758929555
5 0.5643415364416978 0.7579411119856386 0.2126187072620423 0.19268420859338442
6 0.5696187268866444 0.5529020524146797 0.15783270836438795 0.10666326990982483
6 0.5793070107054004 0.4467027311134667 0.1606449170321515 0.1027839338675473
3 0.2808381406497201 0.6017598522882621 0.26555930631116376 0.17052657360796164
