8 0.5582084640591043 0.1625081055200447 0.27610665566510334 0.09265252548135951
1 0.3602699012674754 0.24301171972151886 0.1885644240755509 0.09389718686736517
0 0.7647416691618285 0.3770256651448888 0.3351587931196959 0.15265032176233267
0 0.3100331826768117 0.369104113957495 0.240717552940155 0.133817956576536
6 0.5484085823731836 0.39924348331654735 0.18080706736241492 0.09990393409639908
6 0.5081584911664382 0.49359881324734345 0.18371698847655726 0.10340032650774672
2 0.2532103424326441 0.5244028632213232 0.3451414818546623 0.19287894326354538
4 0.7764514136254054 0.5725995658141474 0.4191755824339669 0.2567079295658182
7 0.8852270960669493 0.652446742725389 0.10564643705894283 0.06261819335273944
7 0.34064713228849175 0.542479359061991 0.09206381901241734 0.046706918317275914
5 0.4464861956656863 0.6710432391808809 0.27220705857267735 0.18568183199651866
1 0.8788540925830823 0.29070207278906945 0.1652692538390067 0.08451378638828852
3 0.7747540212255868 0.5701746221417054 0.2920937347465914 0.15408313535200013
