8 0.27588085053000544 0.22109323546607285 0.28706647003644253 0.0908810835737156
1 0.1678367889890719 0.33146463839162177 0.19417814801236366 0.09291238508441535
0 0.6517129195389197 0.37491066117221805 0.3460072175018646 0.15079524920352444
0 0.1992838624528136 0.45949501658395414 0.2470314264351348 0.13266328102532088
6 0.45313106668852215 0.4394441664026849 0.18558674137510722 0.0990321627919229
6 0.474048230212905 0.5357873780910618 0.18845818322619984 0.10252840082701037
2 0.24298321399191491 0.6161589971082153 0.3541325881197964 0.1912307901744752
4 0.7871524539653358 0.5553582286010907 0.42569509206932843 0.25487123509479426
7 0.9464011674637662 0.6079912078506027 0.10719766507246753 0.06213999481044341
7 0.34059828154518695 0.6153675714269115 0.09475190216701945 0.046232444090314795
5 0.5271799776905478 0.7141335211882711 0.2772473192943676 0.1846285558285854
1 0.7086137758697646 0.2711326535772843 0.1700540083927855 0.08366693319267318
3 0.7854412754807398 0.5534348541892745 0.30026209181530106 0.15262106711365947
