8 0.653496685659553 0.18048853828915826 0.2812584255337428 0.06882592983691771
1 0.8213080365634906 0.2826451411394897 0.18033038286884373 0.08017806078267153
0 0.3420125450772892 0.3747955936081415 0.3259905621157002 0.12707797711588953
0 0.8300023322643102 0.415030466302095 0.22485184396484525 0.11746753246617458
6 0.5649244822359439 0.4201234692184619 0.16912383649434343 0.08757207435428505
6 0.5742663062735308 0.5194696507353047 0.1711208735420524 0.09102745284058283
2 0.8353221258344963 0.5775442526731639 0.32200539474964807 0.16951990206128303
4 0.25986490205422885 0.5706258661839514 0.3824581538041241 0.2302105330947729
7 0.11536502932514606 0.6395501323520165 0.09719100141957089 0.05576645804591329
7 0.7355901803889756 0.5864874505103355 0.0877124514676475 0.040080707649161273
5 0.5768732649954891 0.7048129807177905 0.24107901597131082 0.17005715395006693
1 0.2509999764308936 0.27571034022022334 0.15720163793389208 0.07267432535940493
3 0.26253963314126 0.5683623386072731 0.2760256418904231 0.13355141617420763
