8 0.6600662728508766 0.21664876785870474 0.25831212600265985 0.06716154603098398
6 0.5829112925259121 0.44287737120009013 0.15617101982032733 0.08445530867236517
6 0.5877971865621614 0.5377724521513693 0.15805941000607626 0.08776295511673421
2 0.8872199701225864 0.43479075021984637 0.2255600597548273 0.1266568357860181
0 0.6854701697976409 0.37758263703892947 0.1817621698009585 0.08595449691936463
4 0.3441186527336712 0.4816011464104353 0.29356843528388765 0.1862052007265098
7 0.21684791983690316 0.532993135304136 0.07831017849938915 0.04222921239915156
0 0.38178734184963997 0.3261826045027214 0.28152886225485696 0.11066001397604247
1 0.36537746539424865 0.23434802825571727 0.133933028259077 0.0748856420691463
1 0.680189773138547 0.2807845133234192 0.15989225112966543 0.07360425191846473
5 0.5802162531635213 0.7228448794461366 0.22274776967959597 0.18606520890603118
3 0.3153278205035968 0.4847579053573593 0.22318101782967947 0.10784896747235706
