8 0.402559820583994 0.1220722236902623 0.25323587673775877 0.07257570005436315
1 0.24203458693907737 0.21599579663424012 0.16552455770920368 0.08083689839038025
0 0.640720308113218 0.31203184809561746 0.2976591651715468 0.1291338248581281
0 0.21484269959911168 0.3390315808909523 0.20792460866612325 0.11744204039226752
6 0.44752436621343844 0.3505547059148696 0.1563233121473676 0.08759075613433337
6 0.430598057218977 0.44490638117014514 0.15838153646508701 0.090929128768585
2 0.1959152339641492 0.4936260063936083 0.2978780175457035 0.16942059062494058
4 0.7026196450889461 0.501527869998893 0.35633216325191786 0.22869507437165176
7 0.8236599179502324 0.5707884417836685 0.09031203759547879 0.05551376663103502
7 0.28284244551148024 0.5046518125076948 0.08060581023792032 0.04034877051936725
5 0.41205481869568755 0.6213049773661117 0.22679811143454331 0.1678941430811557
1 0.7442348545923091 0.21285818352861907 0.14497827850821188 0.08168740454151768
3 0.7153292490726468 0.5020632958927569 0.274150345307964 0.13467252286299325
