8 0.26643439566352617 0.13059308354223717 0.2960462941060824 0.08996379794904723
6 0.4067916752083127 0.3529658458246637 0.1899612781221378 0.0985660417386815
6 0.42522977401466777 0.44945826790305643 0.19283063380057258 0.10206125550563133
2 0.10605638326928768 0.37249021161431706 0.21211276653857536 0.1499706781532582
0 0.2791212929954105 0.29571321544933493 0.218000499376791 0.10228607638595133
4 0.6757046124650261 0.3715610443326279 0.3639577133870754 0.21293375303709694
7 0.8267229276438831 0.4126059959721965 0.09522391816631881 0.0493039921526337
0 0.5959283098929695 0.2174678756027137 0.3320321748853666 0.13578925732923455
1 0.5907659616489547 0.12307932833973564 0.16352663109530985 0.08700527717655426
1 0.2606353404965635 0.19726012550298572 0.19126766001143378 0.08795591149330109
5 0.4797630759538444 0.6361693527458889 0.28736586422850746 0.20667752337288448
3 0.7077486717705974 0.3722722013181554 0.2682548480706467 0.1279191903198575
