8 0.3930559754371643 0.1645829975605011 0.26481497287750244 0.06666699051856995
1 0.23333299160003662 0.2638019919395447 0.16944396495819092 0.078125
0 0.6865740418434143 0.3527339994907379 0.3064810037612915 0.12369799613952637
0 0.22638899087905884 0.39375001192092896 0.2111109495162964 0.11458301544189453
6 0.47662001848220825 0.3979170024394989 0.15879595279693604 0.08541697263717651
6 0.46875 0.4954429864883423 0.16064798831939697 0.08880198001861572
2 0.22291702032089233 0.553255021572113 0.30231499671936035 0.16536498069763184
4 0.7659720182418823 0.5446609854698181 0.35879600048065186 0.22474002838134766
7 0.9030089974403381 0.6118490099906921 0.09120404720306396 0.05442702770233154
7 0.31713002920150757 0.5617190003395081 0.08240699768066406 0.0390620231628418
5 0.4680560231208801 0.677344024181366 0.22592604160308838 0.16614603996276855
1 0.7715280055999756 0.25520799309015274 0.14768505096435547 0.07083301246166229
3 0.7634260058403015 0.5424479842185974 0.2592589855194092 0.13020801544189453
