8 0.5051947906605921 0.19314366592796978 0.29373440506281995 0.09018217808455212
1 0.6753234458206736 0.2733605290663572 0.19840702641666885 0.09133385164203195
0 0.2324569781499593 0.4038437665746215 0.3536748773921602 0.1485018094970431
0 0.7208295267844747 0.3958689321887706 0.25228189449796956 0.13014644868498587
6 0.46307667262257657 0.42530390327838924 0.18953695090824257 0.09716363220090929
6 0.49998051564117907 0.5169757037108417 0.19245189683970843 0.10056187770539221
2 0.7714579659299288 0.5467566137125252 0.3616500020557286 0.18758581238978156
4 0.21284274222535957 0.5939132752439684 0.42568548445071913 0.24963681952018735
7 0.0848614435743809 0.6715764112779048 0.11044291454238195 0.06089557510405674
7 0.676446197707071 0.5643768650607262 0.09680743278183379 0.04543071251556463
5 0.5543380012438912 0.6893820185777226 0.28282001417471647 0.18054684883496486
1 0.11577354230138374 0.3200222793654556 0.17373687033386262 0.0822036888732251
3 0.20886058750950243 0.5915556380062972 0.30672118851645125 0.1498653995437994
