8 0.427667484654878 0.24254025692876416 0.270748790582459 0.08263856327728852
1 0.3224336201019921 0.31758837826192055 0.19763300931745864 0.10642741930009614
2 0.22725404565553656 0.5752284863424658 0.33274699324405915 0.17517268567348349
7 0.3282807866193296 0.5987543821916588 0.08897417798326773 0.052743635362140995
7 0.8350887786215518 0.7027912910441418 0.09309279855940988 0.051885207530494415
4 0.7418166385446501 0.6256104516104013 0.38876616767686123 0.234779992841197
0 0.7650678845977974 0.4688811781692346 0.33548296550467993 0.16059332445812552
0 0.28530686096283187 0.43606666202494837 0.2394694686409014 0.11726370220471549
5 0.4086886029907493 0.7201684137851321 0.2567187600906679 0.17995013604617227
6 0.4752769785776554 0.5510291440654356 0.18130708041933175 0.10365152387881271
6 0.5029839633608535 0.46254783333727656 0.18306563475957838 0.10074208305584498
3 0.7397914503848888 0.6275538580920174 0.30277950919580165 0.16704209001464276
