8 0.7924604626900819 0.23980683771923142 0.2826206009569112 0.09882441296057293
1 0.8838494443969237 0.3545906591130175 0.19515159614376598 0.09817499989372358
0 0.41029235141335363 0.3854718559969724 0.34587215195019927 0.16022460079441325
0 0.8381083790194603 0.4834799940840141 0.25010090392950934 0.13930752919370537
6 0.5947952165808795 0.4562641460591471 0.1878125582136485 0.10402600097769271
6 0.5630337434333945 0.5533283548837145 0.19096708968267367 0.10759260239556495
2 0.7770855413616681 0.6410532351370142 0.35866592065 0.20075197897246178
4 0.2561621657319796 0.5646133731690324 0.43716933043586764 0.2663157982036565
7 0.09671793076258368 0.6136519236630273 0.11003609677839846 0.06503542907581195
7 0.6826943160566972 0.6375991544282114 0.09534017961082475 0.04879726724436462
5 0.49028946364506176 0.7326176507218334 0.28521741813466206 0.19195996387291292
1 0.36761900801247194 0.2787591493162472 0.1711973978153966 0.08826765735607456
3 0.25951382957140606 0.5627518824405229 0.3029004205878507 0.16072733578231868
