8 0.4866920894741067 0.12782818879681945 0.2828250048039831 0.0928666037894479
1 0.36382522993488164 0.21051608326458426 0.20930238063327516 0.12106349062257579
2 0.2594468038356434 0.5117802946304124 0.3521456933617202 0.1991904711989686
7 0.3631189040400935 0.5379054006634401 0.094526745039623 0.0600839390941299
7 0.8839930831519377 0.6529018928060167 0.0986980985892878 0.05905210290870033
4 0.7914341470186541 0.5650729444143021 0.41329518360825823 0.2675248241305828
0 0.8237474486704907 0.3848270204850296 0.3525051026590187 0.18231727923541646
0 0.32770667070860654 0.35140462015495255 0.2528851938549995 0.13317959075540492
5 0.4397895188977012 0.6766606924274928 0.2744587692159678 0.20544760238767856
6 0.5186271436298188 0.4817731591433776 0.19238490797946106 0.11801409794313927
6 0.5524609867065384 0.37988570818507683 0.19400854883143503 0.11463515309880906
3 0.7892185248099379 0.5673234194665365 0.3209044777137948 0.1900858249090756
