8 0.3773325221532014 0.18475920903971105 0.2893242752719557 0.0872571215590224
1 0.26875796798578 0.275613569897463 0.20822050438609432 0.11842388107028898
2 0.18179747372801186 0.577724767513 0.350831529159803 0.19461955466963937
7 0.29169266727350374 0.6012739721629421 0.09342933720350677 0.05904802225730943
7 0.842161643743 0.7032043929564514 0.09796688108916085 0.057864091537970674
4 0.7374165505539375 0.617182952909149 0.40795418497225167 0.26313481195051447
0 0.7531042597572017 0.4346757825596783 0.35474873165891607 0.17720321688783897
0 0.23590230444218174 0.41429787714656646 0.2530518702748302 0.12961218920883044
5 0.3852417740288689 0.7390357293100176 0.267783553023054 0.20333497726478578
6 0.4467379868185636 0.5405504369528873 0.1906322301298124 0.11578239023401266
6 0.47125378859366784 0.43697970248281903 0.19273355555791788 0.11225825340053297
3 0.735356638175182 0.6195099142506421 0.31874254658354584 0.1861678551446173
