8 0.7343059514482386 0.23316843262466902 0.2755213815563029 0.09430423726144485
6 0.5750617248736791 0.4359710522892767 0.18284030001592338 0.09785136055149152
6 0.5446554949676463 0.5256170973373592 0.18589924168786987 0.10116383827680986
2 0.8712807394240121 0.4678399215011626 0.25743852115197574 0.1498110787604338
0 0.6994629239798548 0.38730387917846487 0.2082244804169744 0.10239387622130619
4 0.327417031277523 0.4429643333120848 0.35388158780239354 0.2095004410758704
7 0.18402755604995197 0.47554907699695015 0.09163869764922578 0.04895475370834951
0 0.4218343220580454 0.30175478321805993 0.31418012345632285 0.13766740259272145
1 0.4398475805410791 0.2135644904023244 0.15771583375026105 0.08620533071694858
1 0.7301892398827314 0.2958236192328002 0.1824257530958805 0.08820363684552429
5 0.4686392136502485 0.6983499067686629 0.28512062980014646 0.20066284195623096
3 0.2981194883699622 0.44238860675591674 0.25652935406309785 0.12787583931666768
