8 0.5640865897022116 0.19257426251619014 0.25541522255094434 0.06777564910920317
1 0.7201946937489465 0.28238861510327967 0.16591603832763646 0.07623063978920172
0 0.2972761866531275 0.3750659941701392 0.2988652555160958 0.1215643824254074
0 0.7358801081917408 0.4026394956831244 0.20792463376259118 0.11095670718322742
6 0.4992398095801162 0.412172801908387 0.1563451750579955 0.08274592690520871
6 0.5135289836139888 0.5023608190996729 0.15833607301926994 0.08592441556319608
2 0.7503502093697677 0.5503562344467671 0.29784185998943014 0.1600780789873864
4 0.23555352212161448 0.5547030414012317 0.3554838427787677 0.216374598336864
7 0.11050985153919654 0.6200650106603633 0.09017272653483037 0.052498842048229966
7 0.6617375751218614 0.5603344712222476 0.08076603148566375 0.03806240212452272
5 0.5269388934025325 0.6708924216211642 0.2255673490845574 0.15907021820416245
1 0.20999970069861668 0.2866252909167385 0.1448022218374068 0.06898073990560533
3 0.23780906879293312 0.5525947881236811 0.25460927275982614 0.12652606281803264
