8 0.500179354920502 0.1894124299880402 0.30973809921188855 0.10717784131191968
1 0.7234883993854111 0.26835932349366043 0.2139398716725328 0.1054584405589957
0 0.28352949579491693 0.42562494690316666 0.3791419014625256 0.17243602722480916
0 0.7885451263608401 0.4024889498440466 0.2742080276760771 0.14932459615390176
6 0.5256924516984672 0.4425933347253431 0.20591449063976297 0.11151859606288483
6 0.5773298430673779 0.5428775628406571 0.2093769210530202 0.11530313907160766
2 0.8332178633815348 0.5678488075563899 0.3335642732369304 0.2151665636518727
4 0.2847760243821136 0.6365443362013158 0.479356245461024 0.2849799810389066
7 0.16965225725372157 0.7259976127309202 0.12065036743517685 0.06963216178872178
7 0.767152617155639 0.5901179110597279 0.10452085102501418 0.052397788632635
5 0.658847904191775 0.7319223374499316 0.3127795418663565 0.2050586291857721
1 0.15034994688567105 0.3363601388773243 0.1876840184446898 0.09476557277262943
3 0.2864864644297606 0.6338792565162762 0.3320799351122839 0.1724546969257823
