8 0.6582797403679692 0.23089852586838272 0.2742979625296048 0.0923583204301052
1 0.7857905185993672 0.3454231197840807 0.18781537855144104 0.09279526746790012
0 0.3250508115623625 0.38025940987400964 0.3336012520604721 0.15111088216998353
0 0.7472980122586552 0.46965234132964917 0.23998283820736344 0.13200078230318762
6 0.5085137346691931 0.4461939303242367 0.18024556914700812 0.09855694654802133
6 0.4821466980914797 0.5397192528437615 0.1831764098524904 0.10197608885838916
2 0.695259091898161 0.6215843135506515 0.34410408836093764 0.19024374397529353
4 0.19615023897118997 0.5539166908883643 0.39230047794237993 0.25284672938121155
7 0.041286586321650345 0.602739456782291 0.08257317264330069 0.06170626327845752
7 0.602963942093963 0.6193034034157282 0.09171181062663503 0.04614352958414547
5 0.4197037816057638 0.712626130519163 0.2719217290686415 0.18261597514063765
1 0.35473695367817626 0.23941211579489985 0.1646478776778057 0.0834827550351408
3 0.18634689977220825 0.5520930011428792 0.29107049888430736 0.1521222099971204
