8 0.4243442707336975 0.12095685598358583 0.2875210591838821 0.08470851828420163
6 0.4583434954126433 0.3692133649415217 0.18056641107250093 0.09833972122702594
6 0.4326520430993905 0.47081099243533525 0.18310105197523974 0.10198606265484955
2 0.13222991301483572 0.3386547047193309 0.26445982602967144 0.14868811518097513
0 0.3624136656010826 0.29209162110237635 0.20825951231852768 0.10119223510358535
4 0.706120031088918 0.42707427602245374 0.34364302639375366 0.21435537080824912
7 0.8315512842752837 0.4909458851579823 0.0905245679572364 0.04918243414316614
0 0.6992122082202212 0.2575673191941229 0.31911786002366693 0.13258265391980945
1 0.7366043926854553 0.1600420958784859 0.1552320002305193 0.08697648340147142
1 0.3889383933110292 0.1884767361731361 0.18289291772795713 0.0868585504008764
5 0.40089785160971175 0.6701207888900587 0.2676213421452528 0.21076968157391585
3 0.7363199019554926 0.43242626231194686 0.25607097474648355 0.12673138499461412
