8 0.5108688811272672 0.10689003432371741 0.27752337675638683 0.08047029886793582
6 0.5505257122533411 0.34964994540353667 0.17305289370611332 0.09488311905353147
6 0.5283240824539797 0.44936946563641167 0.17542008122522923 0.09844103625783202
2 0.21721257763264723 0.32294140294859575 0.2855248191477473 0.1432274998466721
0 0.45536986407455926 0.2750361581763957 0.19992820612479117 0.09742086657970733
4 0.7925081710716874 0.40398088437653634 0.32859966371948923 0.2072979591499286
7 0.9159348201772904 0.4653442823131866 0.08676101787813661 0.047451606065158414
0 0.7812538334085546 0.23807405560935413 0.3069665367425488 0.12719954230541994
1 0.814918563063892 0.14223229505397922 0.14870607687905724 0.0839619915556203
1 0.47832589438731843 0.17333364099325368 0.1756313223109336 0.0835819095809377
5 0.5028631304460224 0.6448200442768437 0.25470681197872685 0.20450159741172813
3 0.8219561854128079 0.40893808808462284 0.24576386718873677 0.1220535586595049
