8 0.502881735327622 0.18785311821625306 0.2581700606082566 0.08988113771375467
1 0.3161358001495794 0.2653008504974442 0.17733961206855647 0.09092888723620338
0 0.6884654642853572 0.39541954607520857 0.3147308129017733 0.1478747629190278
0 0.2654583264410385 0.3870286943305245 0.22685508147541847 0.12953864708042784
6 0.48640762907058577 0.4165314034761828 0.17037434566649862 0.09671106428756604
6 0.44601157778125616 0.5076164109688608 0.1731795666960384 0.10008973309453972
2 0.20774329425950375 0.5369601475663467 0.32529924813402616 0.1867077661833219
4 0.6932913420203434 0.5843694121953429 0.3958286602713313 0.248424222602442
7 0.7920624910910796 0.6616810576519332 0.09969257950963106 0.060603513150194965
7 0.2885700850703817 0.5545646228554372 0.08661235126820746 0.04522737568410018
5 0.38309479558719395 0.6789334450296297 0.25768106469054874 0.1796358346348299
1 0.7973648420484598 0.31221340274703135 0.15550533558488244 0.08183432739232582
3 0.6917866800404627 0.5820240801825374 0.2749949742540083 0.14918188676152966
