8 0.4104638283693175 0.13374826324631572 0.2636591930216164 0.0645718576086978
1 0.2504390689453285 0.22620505541123465 0.16981064462699436 0.07418796001683481
0 0.6953694044231227 0.3133938474482818 0.3065949802514256 0.11786607420467599
0 0.23952689248696898 0.3465670211188246 0.2121057137633952 0.10841526956186398
6 0.4865710311164611 0.35306088099601074 0.15952014543358872 0.08083411875785523
6 0.47575537476393714 0.44336456919997824 0.16145513224222596 0.08399080180548751
2 0.2311224644119133 0.4943587364394929 0.3037794368924145 0.1564389538757367
4 0.7678113273057645 0.49210566783726756 0.3614223207013121 0.21206143708146208
7 0.9010786505574417 0.5558164528901652 0.09178741059868367 0.05140190511803189
7 0.32392054250190616 0.5031940268593137 0.08261860342799537 0.037069189165869154
5 0.4693964836261474 0.6119420003754952 0.22834804077380677 0.1563593788371388
1 0.782327318274141 0.2239009042279857 0.14809011324215693 0.06720093277719719
3 0.7653654402932543 0.49002789343326436 0.2601528890536158 0.12340283968438442
