8 0.5675507217478559 0.1502311781114039 0.291322848810041 0.07717242824586257
1 0.7497523510089366 0.2524675434446579 0.18906820305824024 0.08702687556657654
0 0.2663862778241198 0.3578329604985423 0.34065405065748755 0.13871687319265807
0 0.7670168919457943 0.39023431837683237 0.23685578349529535 0.12673390885078606
6 0.4967804845882089 0.4007125078848378 0.1781031199481365 0.09450936313059566
6 0.5126119525247754 0.5040421353734688 0.18035965628660888 0.09814723259729519
2 0.7827466666060606 0.5594587128051389 0.339278195552291 0.1828439594888266
4 0.19867657860935634 0.5634773182180429 0.39735315721871267 0.2472350068858844
7 0.05183199066615451 0.6381108327298459 0.10269603270041917 0.059979142425030996
7 0.6815192504109513 0.5707226655536295 0.09203110908125878 0.04345691364434123
5 0.5270197115083217 0.6971062703656654 0.2567452304972918 0.18182456332997532
1 0.16721179422255394 0.25636858670506224 0.16499495311280146 0.07876018876941399
3 0.1975380903104229 0.5610666946155526 0.29008648735901965 0.14448432908067915
