8 0.3780925634388619 0.23314455578406884 0.257846795791999 0.06686226590725516
1 0.2919945745668675 0.3179875959937211 0.17739756664821096 0.0986743377208591
2 0.25504113518856764 0.588912698834137 0.29961940238859275 0.16179144554117575
7 0.35830563837983365 0.6052643703161629 0.07873091970164847 0.04964740878948948
7 0.873324481745442 0.6729851421867048 0.0831496370010435 0.04837633740553893
4 0.7660273135282214 0.6011343143686216 0.3429952801109629 0.2216038707504311
0 0.7548304298928237 0.4389721502485566 0.30584166081820485 0.14579463586697394
0 0.28145725432295404 0.4420673317348367 0.217693961246727 0.1069150764488237
5 0.4626375266106134 0.7233634652593104 0.22064854985456633 0.17328278120431573
6 0.49088561645455187 0.5451889803296857 0.16133175954994078 0.0970298724894067
6 0.49873577660195745 0.4525259387189451 0.16381508723866972 0.09373670670412332
3 0.7644780166246676 0.6032778620383604 0.27084154207660827 0.15548996056375497
