8 0.33300763506520814 0.15472707744139327 0.2895470991706789 0.07348548958392521
0 0.21695632486719205 0.35910374789852595 0.24242413268255109 0.10861102776294507
5 0.43779681289274097 0.6322366751321566 0.23697089656725207 0.16324831606033252
0 0.7627475136731721 0.360557755960427 0.36047903006974613 0.14001871251053877
4 0.7631162631125337 0.528246689550625 0.3968738180146586 0.22364713855742224
6 0.4764148045503891 0.37369736600533604 0.17665778980181618 0.08946940594290664
6 0.45287055018641964 0.46308391280222594 0.19364461812429495 0.09747988469322805
2 0.1901914803207518 0.5089482436201767 0.3700335668975114 0.1909597915047348
7 0.8961308776460564 0.5903231687049478 0.11773485136346029 0.04914742230517666
7 0.30311215776939826 0.5143823276051027 0.0896458362134745 0.0455156762610201
3 0.7812474899882964 0.5265637353222175 0.28127596704639757 0.1507012078587453
