8 0.28653663150085684 0.17325511259467782 0.26623314992316943 0.08276943527735342
1 0.1837200873645944 0.27492598942108026 0.17939158502737262 0.08524779372722976
0 0.6329726400451593 0.3180912841677185 0.3199851146854868 0.13816047927591754
0 0.21030638788096184 0.39380019000783123 0.2279006834113233 0.12191076751455754
6 0.44688293809989393 0.376728875888564 0.1712284242332468 0.0909980265395044
6 0.46433376380825436 0.4661656324730319 0.17383432832747514 0.09423391586722324
2 0.24769417982047323 0.5392914151143278 0.32668444332679497 0.17574369504420362
4 0.7566205353867574 0.4861872913067923 0.39497754609389857 0.2345038786266403
7 0.9027233736975552 0.5359240195042212 0.09971283473357029 0.057151126521672424
7 0.3385236826923158 0.5391407820738305 0.08751683503520213 0.042430435881502304
5 0.5100446006044137 0.6318129347340071 0.2549871554986586 0.1700852887908738
1 0.6880722938227964 0.2222271322738656 0.15705373163170688 0.07679540924561234
3 0.7536601963451999 0.48438502670938116 0.27719962899444517 0.1401492833272978
