8 0.24193410103858687 0.18746269014452205 0.29410956458644877 0.08856637218413208
0 0.21474989428413743 0.4408328843997005 0.25040069236477125 0.1300386017235599
5 0.5451693320170184 0.7304144810646137 0.24980702893345863 0.19486326190026304
0 0.7478184450178487 0.3713486672794408 0.3704434604728385 0.1678653850068732
4 0.8058884359939462 0.5667702590916108 0.38822312801210745 0.26729456206941715
6 0.47401245880641996 0.4240070441252522 0.1833817271789538 0.10701354113200345
6 0.4886704362602611 0.531272625579109 0.20096279267677253 0.11660023751397358
2 0.25171556083308927 0.6189923950620091 0.38443150874646975 0.2283726663192739
7 0.9570083127871606 0.621783805836077 0.08598337442567883 0.05888091437408438
7 0.36416483669270333 0.6106002362503127 0.09306799407259692 0.05443983991408763
3 0.8357461568786364 0.5624439169558731 0.29270993712569704 0.18017669180507784
