8 0.8397743296835716 0.16436890116148 0.30626212866913616 0.09953944781575334
1 0.8820893945362773 0.27244024474636214 0.22751124577045767 0.12580993361030604
2 0.7571409592197536 0.5712345197722588 0.3827073760414106 0.20719270518761757
7 0.6343116026895156 0.5687416419615765 0.10283969497252099 0.06220775063128825
7 0.04190723981090103 0.5414218755279585 0.08381447962180207 0.06128312993177221
4 0.20806067785382812 0.48496415338327226 0.41612135570765624 0.27679300409841034
0 0.3024566769200329 0.3126032123918633 0.3844798462957038 0.19042853363599163
0 0.8178851239988627 0.40804094326507145 0.27466943320163917 0.13896234620781778
5 0.4482243018066888 0.6755546070019833 0.29910733659313166 0.21150055187867922
6 0.5260850729201714 0.478284193402543 0.20923320759514896 0.1223522147769685
6 0.5740538717423604 0.3770209906941575 0.21092681536587043 0.11902591332097762
3 0.191645799520165 0.48757276675356354 0.3488963468804173 0.19734674602932517
