8 0.5179908844501857 0.1711658434947561 0.2922872820822617 0.10477479021045347
6 0.4891473332153844 0.42767818987648165 0.19500703556450055 0.11094961733964487
6 0.43896018426854433 0.5299434124015912 0.19831899248288049 0.1147733703145446
2 0.16467539222278738 0.3729345212264742 0.3179484746452421 0.16946452679581103
0 0.4153745911312209 0.34214816436357337 0.22181358564163306 0.11573390297037389
4 0.7148744473616082 0.503881590718635 0.3780234140665556 0.23835861290789384
7 0.8205361779531024 0.5778644828978263 0.0977340373159925 0.05550421658659599
0 0.7503717393145206 0.3298538418228886 0.3341874936007795 0.15486096752711442
1 0.8108848327135172 0.23255921056997 0.1682638464339138 0.09781757958651699
1 0.46687141237779956 0.23787455008683211 0.1942868169119557 0.09962864386919543
5 0.3585759142198678 0.7318392309339945 0.3055118927445515 0.22947068016614358
3 0.7428100796354198 0.511428619423628 0.2733219721951934 0.14461188795294738
