8 0.7042526273063862 0.1578175714290237 0.2853874686313076 0.10273831175242816
6 0.5373868746346142 0.39932459507314433 0.18979325118094426 0.11031580013844267
6 0.5050034963222043 0.5047955122809266 0.192987786756305 0.11416303437299019
2 0.8549835205969167 0.4263036385207494 0.29003295880616653 0.16822921506009186
0 0.6666170852280524 0.33860209101830174 0.21603872367267352 0.11482810370902902
4 0.2810503272060524 0.4154276666040324 0.36757012936677724 0.2375410871991654
7 0.1323357065181864 0.4580135994329243 0.09512247318297457 0.05518475928280703
0 0.3802013608948463 0.24779720325475574 0.3257770945131978 0.15315181952625678
1 0.39974546548665546 0.1444210801584666 0.1637340677254136 0.0973074757337402
1 0.6993504894712246 0.23098287014683594 0.18925452627891814 0.09880447504117904
5 0.42457091694510685 0.708579784532531 0.29651597253113726 0.229460440358083
3 0.2507388762017916 0.41569727397066 0.26617625828248614 0.1435311117817193
