8 0.6088308665239051 0.19524467954264896 0.287041206062885 0.0753652675434884
1 0.763109829301936 0.2888200282946167 0.1873481422295552 0.08337902727725269
0 0.29290857654596714 0.39286063665317106 0.33703665907992253 0.1333559257638675
0 0.7839474414567628 0.417382818993413 0.2352085424810657 0.12097749238582606
6 0.5196875887018553 0.4302859476636168 0.17684190116535958 0.0902336259267551
6 0.5381384216693742 0.5266791117454986 0.1791523988628147 0.09365381983298587
2 0.8041812225969687 0.5753646227638382 0.33695610649327934 0.17451075088259732
4 0.22884945403567292 0.5858848480483989 0.40286608828921555 0.2353442471043673
7 0.09086878971158027 0.6572868537649741 0.10212597000549417 0.057146291941240546
7 0.7054022158419642 0.5870572098140456 0.09122524818811839 0.041607880854060864
5 0.5577590226004935 0.706957553946651 0.2562335119513262 0.17260685617474636
1 0.19291891097529085 0.2991699065104514 0.16357454874677113 0.07538827119655062
3 0.23131282634775252 0.5836020318496327 0.2877614903778838 0.1381532070064484
