8 0.5341438968767983 0.1503659004720469 0.26054505445133086 0.0886413895779127
6 0.5200383688229033 0.40772530813494656 0.16664091377634027 0.10239326570060342
6 0.5496603572762299 0.5129182923142187 0.16913142787090368 0.10617599840822178
2 0.8242572698571875 0.3749355556731603 0.2737012424343893 0.15489899771840593
0 0.6007118111441905 0.32749560670107725 0.19138125519326776 0.10543842344712356
4 0.3023996816727316 0.46849482796610065 0.3189579775588022 0.22302409205660195
7 0.1944925822745222 0.5350913018361466 0.08353524283433664 0.05121045294080839
0 0.29745798684302033 0.29282601338205055 0.2917537232081495 0.1383006600622656
1 0.2576463537306425 0.19189131865842768 0.14342292549396568 0.09054669376151384
1 0.5702128779403695 0.22021503740911766 0.16793632274910814 0.09051709032539862
5 0.5911077469460394 0.7193424866406936 0.2513255765547497 0.21905848073987833
3 0.27576161393794957 0.47413974478938836 0.23547198654450371 0.1320333560206804
