8 0.30223328394039906 0.13593285176078826 0.28876217310331265 0.07352027895442287
1 0.20385495437101206 0.23876744103352487 0.18554190340871463 0.08517302428410081
0 0.7954521967309933 0.3541041909627011 0.3352132111909977 0.1351239079463631
0 0.23231116928721354 0.3783071427852531 0.23154436056758393 0.12465905772160885
6 0.4977328784409908 0.37492044795416335 0.17414894130929753 0.09293823447764854
6 0.4974778883268123 0.48594391941416293 0.17623224344049065 0.09659024685520795
2 0.23203025799165755 0.5498119544099048 0.33160401090386005 0.1798901617309155
4 0.8119641517792711 0.5367830835856187 0.376071696441458 0.24411720579201907
7 0.9605460040194824 0.6080592741866778 0.07890799196103515 0.05914983631417292
7 0.33442957023523046 0.5582539592329703 0.09025934936711782 0.042569844857784145
5 0.5007003577238044 0.6815068584196532 0.24874456145996932 0.18019679797159815
1 0.807425864419816 0.23880551408487327 0.16177561834526522 0.07718168461055266
3 0.832082222618918 0.537411888737968 0.29975081629955447 0.14469283603011018
