8 0.2528658259960793 0.1588722646746296 0.3077923980344312 0.09761623635423446
6 0.4079979250061986 0.392458524541646 0.19944416538330795 0.105559712053993
6 0.4314287577027033 0.4942350162449063 0.2025523565174247 0.10926291822725376
2 0.10499806186146558 0.4165421233890667 0.20999612372293117 0.16084756625345625
0 0.27346631478015204 0.33322043944034224 0.22836715319679085 0.10975962675147455
4 0.6867361583454135 0.40945825113100287 0.3832741070578638 0.22756202039468154
7 0.8446603537660851 0.45134061996958996 0.09997249104474859 0.05280441421291021
0 0.597305629281623 0.2474224725707343 0.34686845783850095 0.14615176087492934
1 0.587689395143516 0.14773826171164672 0.17179259982797268 0.09313568222003822
1 0.2498970942328855 0.22937269182953324 0.2002779293560441 0.09442183321549111
5 0.49625270551806894 0.6909849505460297 0.30445424281797007 0.22019418216640452
3 0.7198827623553414 0.40989405910623833 0.2811091169284673 0.13722034178438164
