8 0.43591377357121247 0.07995301694214292 0.26064549203644527 0.08873722248475699
1 0.26300733182029246 0.18085111039039736 0.17482495048238528 0.095368230798732
0 0.648781253042594 0.30066754345413355 0.3122174453883922 0.15333677670784077
0 0.21951458558112297 0.31843922961285565 0.22172904371492397 0.13758427402368284
6 0.4505641951741035 0.3382836413656848 0.16660772876842445 0.1026504405590713
6 0.42113559065291256 0.4439111148924444 0.16909297452241423 0.1064466733442786
2 0.18009826920466165 0.49176945306641295 0.31781076232713246 0.19841586964274177
4 0.6855280075786476 0.5156465673376082 0.38364998260435057 0.26647223182070384
7 0.7973309550201995 0.5971324244169924 0.09690891312066785 0.06479745120678959
7 0.2655246540126798 0.5067428654633801 0.08526608853685053 0.04754195139297657
5 0.3792123629974934 0.6417783616914687 0.24716596149166142 0.19459171548644094
1 0.762404772919715 0.18149507972891638 0.1545178831962185 0.09542514143134737
3 0.6885539553539215 0.5146980656104312 0.27524273581390035 0.15872117918205486
